7347590520069311753
7343471541969046822
7341618802989305126
7335678877676653833
7335311330129284361
7330905763310767386
7327192644189179162
7323117660340899081
7322361341644229939
7320879235634154790
7314589138815044902
7314211798708784422
7313473473962200330
7312730044529413386
7310863880471743781
7307530450703011081
7306087238687837478
7305291026925735178
7302314507001531685
7299670586177948937
7298617565658565926
7295662900226624777
7294173940631571721
7291940459767794970
7290826384627305785
7290447670349466917
7284886330109087033
7282664035705785657
7277841187606629691
7275258865334095164
7262625308904344887
7254829293975440695
7248518283861757242
7246315252692847933
7238852938133802297
7235465962093399308
7225527111098895628
7209198997469154593
7197712341692189955
7179152153372642593
7173597273371200801
7172852983812705540
7169885789768207627
7169138705888808195
7165429023462493473
7156525095509413158
7100860018588716325
7071612916696354078
7069715308117822757
7065498575223966984
7064842612070485256
7063446262808415525
7062345624049454372
7058588078595771684
7058158926302416141
7052610805065436447
7042657294491847971
7033325909306264845
7030022948803104037
7028892263426166050
7026660879794031912
7026289628873379106
7023702579565612328
7023340918518369570
7014780022154186018
7012193966284229902
7011697463518154014
7008509795028208932
7008093725746334983
7002585681302228261
7002131315004902664
7000691894875360549
6996250517831814413
6991081139939183886
6988076471369649439
6982907850364374280
6972907380094897438
6972175609367645453
6969569620038618398
6968455547385335071
7301583790139264267
7294968227615001892
7288649369765612812
7268908493220957481
7262430591306485003
7255270665870183741
7244508551656279353
7242250324415728908
7236702593819348261
7223339628521065739
7207712769997688121
7197798835425398071
7193633647084277048
7189518085349461285
7186238042338856249
7158748693015825694
7158026233404558600
7154298834120674596
7132799274252864809
7128368090596920610
7119109921886489869
7112732426375351587
7107148084827688226
7096736096201067811
7094169196262739240
7093863429609426216
7077523703344434466
7075000120055581992
7073775429605182758
7073113518400228642
7067496160541330723
7063678463361797417
7063489397857029416
7053816096788434216
7048148578669235471
7041839272877444367
7034855657387871503
7034029768555220239
7030647645525871907
7029624788385664291
7026642450768842025
7022579663792901376
7017769322814754082
7016622559538023721
7012911089830694179
7005843319473310983
7002929397716012296
7001373224277789959
7001056286095822111
7001054499594964237
6993962818957528327
6989875398959992078
6974719457654574343
6963012071843810591
6960630579284987150
6959833080580410632
6942495303840828686
6941981652046368014
6602852260680568078
7188082743618653474
7155048689298378025
7184289984675941684
7348819497676967183
7346891670648081716
7345782288728231220
7344670086050942243
7343195308274240768
7341713392593341748
7338741487544372532
7338005349007363343
7336508203737419048
7335761793513426228
7334661970353835264
7333536625575677218
7332060791761276194
7331698935540534543
7328360965345529140
7327603095700081954
7325008725901626624
7322036883469421839
7321297768637631759
7319814994672028943
7318701517949701411
7317954427103513890
7316443440823192832
7316097301146012963
7314970900879756584
7299014325170097408
7282686786105609472
7273415682505624832
7254131650181876992
7241143764549438735
7231866522526862592
7227830241056673076
7224447146165079311
7223700006014881058
7220735477329055016
7215544118527724815
7211079090206428456
7207385637425646883
7206627746133314851
7171023179564027136
7157645623158639907
7153214590342401280
7150975912467615010
7333925539343879460
7314978735516585235
7349530693073931532
7349121776074558756
7348769010370022719
7348379996462812470
7347633396111265060
7346797636235611446
7345454100974193974
7344966440044268839
7343961897542208780
7342849156903341324
7340851140541582633
7340257158119820580
7339500213268172068
7339145331998723391
7335772572820294924
7334909505915964691
7333620431292763403
7333068634740247844
7332750086327389479
7331738141130296617
7331370143127325971
7330939723080371495
7330524494009814284
7329856030119054646
7329390439470091574
7328785405300542759
7328253705566883091
7327745551770848566
7327645169812081956
7326910746665700649
7326519349718600979
7326146147632876839
7325761841383165247
7324269790875421971
7323201901342870795
7322778470688378153
7322374698489089334
7322038850774191423
7319438372064333067
7319082002546806027
7317992182135262505
7317876035586985250
7317594959262043432
7317250366767205686
7316755698803674431
7316124525182143807
7314634851771026700
7313495882391899433
7312415501492260150
7310537942714322212
7310109116964408630
7309803583959092491
7308600606715825444
7307997115332971795
7307195443413257513
7306805224398703884
7306126327319366924
7305004020677070099
7304636712750173476
7302066691020786985
7300556769682640147
7299842453849345334
7299420036308028683
7297935075755167030
7297464506849037604
7297080488206896425
7296430842325273875
7296085521367862569
7296023256350395711
7295710545250880831
7293832398033145107
7291883082230140199
7291598742187232523
7290501739822779659
7290153935959117068
7289682696786234660
7289407706866257215
7288653876545309971
7287563932313734412
7286866572977753407
7286110080762694966
7285298167447375115
7284861629530000694
7284620623794441487
7283323426800995596
7282955525438950692
7282740768542919947
7282312668118109440
7282047551149280547
7281899057088302376
7281465280184831266
7278873893631233295
7278534462592339215
7277766218759671074
7277027021237144832
7276063002716015872
7275707583715921152
7274906563112914228
7274447885683494196
7273856889660640527
7273136331319004431
7272706052603350307
7272360368947727650
7265291040834342144
7263447721799847220
7262593169102064930
7258838489922276608
7257476476759526671
7254146592863685922
7251973152517917952
7251542064830106932
7251199716032072975
7250486983754059042
7250114973295299875
7247527438429818152
7246377662292200704
7245620322777664783
7245224434452155663
7244872845686246656
7243741387215097088
7243435111172148514
7243006225955212579
7241946870430338344
7240336005662919988
7238954845019852067
7237863205966482688
7236390241500712232
7234033506983120132
7232297548386422054
7230803327729093920
7228040411950910775
7223401028165684491
7219674930026171709
7218134226825268492
7216568270135069963
7215974598997789991
7215186664132447526
7214751730314038540
7214420906918153511
7209304692797607172
7207429166701071655
7205187785823718695
7199972197010640160
7199608716629396774
7183383086363659523
7179158761637006604
7296430071558982952
6947610987423911206
7349488025463721250
7348399898116508962
7345780594401381647
7345301110334213391
7340926169040030991
7341696614563597608
7340223220307479848
7339849420558617856
7338354796270800163
7334645295625604367
7333798728677051700
7333521622000864564
7332058919910509839
7331357609561296168
7329821956516203816
7325369542438325504
7324257972907969792
7322775800221060386
7321284972810161459
7321202168504093987
7320472830984965411
7320172799803297058
7316099718113692980
7313410064289713448
7313130202941508904
7312650835421318441
7312391540800785679
7311285559727623476
7308690487588736308
7307927720242056448
7305704236396973346
7304216034590936335
7301620344413031732
7301269431538158882
7299668142408617268
7299400235841850659
7299021347944992034
7295702100955172148
7294587847812582691
7294208583619644691
7292716158841572642
7291918696178584847
7290451069363080448
7289766928757886248
7287898442700033332
7287406469379542312
7287147796392676642
7286778557789949236
7286042821834886435
7284840148800507151
7284551834746801448
7283803199683841280
7283436618072067328
7281580360868121871
7281249264167030031
7280513931565714729
7279000376936910115
7278297582697254179
7277867863896018211
7277129430525381928
7276371607524855074
7275663945946402100
7275279748647898403
7273778298126191887
7273416402621517090
7272327667297438991
7269333581170822440
7268972303952760099
7267895947177381176
7267851199343349007
7267505212254866703
7267108288288869632
7266410341070916879
7265625349889838351
7264514568783793442
7263748128191335715
7262662012294024500
7260791425682443581
7260704628424051983
7260064629404060963
7259686993246817576
7259325194479750440
7258944106687171880
7258207689291959587
7257829665480510760
7257485565006728448
7257466797367037219
7257090968153771316
7256718405988879651
7255973763869576488
7255519286460960040
7253672056225664308
7252329822213442851
7251528580876848436
7249668005993385256
7249302624825003298
7248945835076078888
7248572391658458403
7247090053648780584
7245597148492893475
7245163629140610356
7244847541173505280
7244057023476747520
7243016505099668776
7242620809221524776
7240851862272970043
7240028542979837218
7238914539830512931
7238165883640646912
7237421231463533859
7237080908321393955
7236308374940339456
7234502965669809464
7233966002692803875
7233726306377010484
7233362474261564727
7231874066767039759
7231487678997335296
7230766891193601332
7229658397677718784
7227409638847827252
7227033666944306466
7224806689176849664
7224437179785727267
7224063279172308264
7223584864329649423
7223360253792963875
7222961024578686243
7221481123560361251
7221092361546370339
7220011910530469135
7219246887226936576
7218871037809691956
7217760009676000564
7217376397529025850
7216191835608206592
7215818638228557115
7214053771372973346
7212936726682045736
7211815793015688483
7209862993281125667
7208086931081563444
7206612618356821248
7205142620195048756
7204765503619976503
7203656293196877071
7202946538388180261
7202554937153260840
7202175038836018447
7201449420636900648
7200685585613229327
7199943570386701568
7199597326422281512
7199201378143620404
7198086431972085032
7197721254831344931
7197352586670886200
7196239002624707875
7195131211063332130
7194373437433957684
7194015444448382268
7193645441701989667
7190998960809528613
7190292971890216225
7189929390875200802
7187703511105146123
7187314389811268902
7185860090514164996
7185265195944660280
7183994327448734988
7183639299567471876
7183224030378577208
7182871073510296844
7182455147220454713
7182095429545282820
7181387035695992102
7181044589246106938
7179537347506097419
7179153546313469188
7178766811435945249
7178044400268774667
7177678115412446503
7177282095394360576
7176936411537394955
7176192961988840708
7175821538761985283
7175065730667285771
7174338216189807904
7173593958327520523
7173241037744344352
7172831016908885259
7172493193156611340
7172075833702567172
7171367943031377184
7170625339280985356
7169523354297257220
7169146878179708163
7168363047571066142
7167650436390964492
7167286634759589159
7165801689344183591
7164702780823850243
7164294285171510561
7162462552654417191
7162093044106398990
7161361753996053764
7159416462162152712
7159496862553115907
7158856808856112414
7157631401234402571
7157266540931370279
7156508689120169253
7156162079399939366
7155411447370059019
7153560403946032387
7153190718650076420
7152445273829068044
7152073012538281254
7151327854523976999
7150869765521739023
7150132232450051360
7149844318579068192
7149069471406116108
7147614792587529505
7146505837249449219
7145774657885588769
7145315655602998558
7144951430078598413
7143542447468006695
7142798589020998951
7142065294389923080
7141598196245056780
7141322536779877664
7140960484907339012
7140196857732451595
7139088714449407244
7138361829696310558
7137237113673747715
7136906944656215307
7135372593267264800
7135022295361391875
7133510475286924577
7132381883152862477
7132034040458186016
7131353129144077581
7130497308696857886
7130078601659043108
7128710758396972292
7127582976854068484
7126468618879044903
7125434666944892163
7124245195192798467
7123498481381018891
7122758036417957123
7122388423310167334
7122021421227740449
7121656090391022862
7119422337144884518
7119046700433493281
7118278089724923166
7117941480357973252
7116818294107016459
7116498067804736800
7115707017771158795
7115005916763704579
7113481996214570279
7112366958380649767
7111258013016558887
7110045775031192862
7109714694524521742
7108927170650705164
7107172105245986060
7106803501359041803
7106471211378445600
7104190549695008012
7103467285305756939
7102715321764678915
7101227560675183884
7100491475548491041
7100119756333763851
7099680077486787851
7099294906446859559
7097518512721136934
7095667624587136267
7095299541422869772
7094928361541160224
7094555640328162572
7094203084628348192
7093004700701707528
7093064033003195651
7092324281937382667
7091508294778457355
7090842979023195425
7090471752521780492
7089361579334012199
7088989663553260804
7087501587337268483
7086080258805386504
7085655447918660897
7084533826952711428
7083053073916054823
7082679879065455875
7080473399255911694
7080452658615831847
7078965904381332740
7078232529827826948
7077489756501708071
7076659847860702467
7076005571840822540
7075627605248036099
7075293354338077984
7074144068392979745
7073768443207503107
7073038520239082790
7071917070950157571
7070064270939081987
7068578926334872864
7068207635534826756
7067463440834579724
7067152064673107237
7065980195206860065
7065608170370059558
7064880863254826243
7064146196515900683
7060854909742107916
7059670971657080096
7057457015513304353
7056338029597773089
7055590243189181708
7054853157494557985
7054139619490811149
7052949729897942304
7052252490124856615
7050398781354839329
7050033335090810151
7049602162552278308
7047436630977826052
7045567429426122016
7044376469501512996
7039271725711871235
7036666229754547494
7035162759188778252
7034078731945659687
7033694333069004043
7032943788020518182
7032214682874170656
7030725480223444263
7029243571400166667
7028505160179551526
7027758979182791947
7027019778862730528
7025905353145519371
7023975737736613127
7022848921772772641
7021449033973648651
7017718724144745764
7015511911160679684
7012552110059359492
7008843180133141771
7007719224160374055
7005124852306808067
7003267910529600780
6997706615180840195
6993990961445571852
6992505483215097127
6992142761524858151
6989555427897838859
6988834200958930208
6988794151064177952
6986197253400628512
6986111370399894795
6984371358050422054
6984279323003849988
6981364468970245409
6981010381753961731
6978783077304732931
6978033137305570571
6976180373621345568
6974693087390043403
6970608765469084966
6968012647274958113
6965419048624573729
6964663052054613287
6962732263280872715
6961703758631931139
6960962883526085899
6959106447107984651
6958361009572597031
6956921579699703073
6955771049678048544
6955402973040135427
6954295782015012135
6953914957276679436
6953172843219750176
6952830452969377036
6952428825733106977
6951689577627127043
6951324695996288260
6950576403326700838
6950221416566377760
6949833617514319115
6949459881741028611
6949116142975814916
6949091325446802721
6948714343487786244
6948350124758191393
6947970036313165068
6947260877083118859
6922385723945405707
6921651771215482116
6917229061777542404
6795809537531104527
6655245386245999875
7273429467714866471
7209936942534806788
7349487108525985065
7349075849838185769
7348787684753558838
7348354692285500691
7348004545244548371
7343937043224956172
7343578122324905279
7340567603594693907
7339834096685829387
7339472110236060940
7337519436821286183
7336154940882160950
7335768047816346934
7335385454264585511
7334653325322915083
7333925660617952531
7330955894227815719
7330560268449172777
7330197219418672403
7329752441593810212
7329071439926005046
7328388209061235987
7327598162040851748
7324998481678961931
7323503992804363583
7323133335763438889
7322756654024379684
7322411399546670377
7320905683891719465
7320173168415477046
7319415817530101003
7317549949724413196
7317301713562537252
7313888316032552231
7310148640620694847
7304214793995537676
7303080382918888745
7302734726060592395
7301241174327692598
7300131477969243403
7296371726613548299
7294216105713814803
7289755257620434188
7288268387115912459
7285212898954136844
7281580142063799563
7280787261661154571
7280486613371718951
7276759189827931433
7276400973029854518
7266756323851750697
7263040475064487222
7261923810826374439
7260054720314690852
7257831870551903542
7255986858729983295
7254882307075542291
7254116294876876043
7250413692473445636
7249685801716419843
7244102471130418436
7241475538827709729
7237802088405798147
7237065899260300555
7235940489579564327
7234843742589570315
7234470082192133388
7229642710460681475
7229270819896053004
7228528131571715332
7222959348719389990
7217040559775501580
7209235340685626662
7206997705363557635
7204775014070111499
7202173382597643532
7194386531899952422
7193634552785505540
7192172452288498956
7188542823518489860
7185839849398717728
7182883157740440844
7169937638605016324
7166923280853634342
7165066663941950756
7164245187919744263
7163580384112938247
6967186437624188194
7305707981235195186
7348765295172963636
7348392124317961472
7347646458981535028
7347282608134311168
7346540185544297768
7345790801701604648
7344684510530931995
7343930937358470427
7342131020860230947
7341357249513655592
7340589680599043328
7337680289260522803
7336900430565297443
7333602765463178523
7332138952649887026
7330951330233601317
7330212420620668186
7325375676549303602
7322812560141520168
7321298210838859045
7318710411321281830
7317597280792546587
7297551894568848694
7291238167775153462
7102355809690012964
7351025332952091916
7349509555744689419
7348788427300539659
7348054490878168361
7345816944626502923
7345069637635230987
7344378651615726902
7343671668117654823
7340636086638529803
7340267768685546771
7336912820640009513
7334643098665913636
7333985928844807443
7331382038068595979
7331055003177733415
7327604383984667940
7326905877254999332
7319852346329091369
7319072076319477028
7318338659445378345
7317235618453523748
7316124662650424595
7313889969058090279
7313169506019364115
7311288450194361663
7310532884073303337
7309462287515995403
7309010199367388479
7308301941317176595
7306500398615956790
7305756744515423500
7304296238256639286
7302019587749465356
7301246409565687103
7300544342580530486
7299084609046711606
7297182399555734796
7296081169060236583
7295701339189939495
7295333493708524836
7294969021668035876
7294253807054114084
7293880883390598441
7293474833059335443
7293097935842184511
7292726598929779979
7292358178233175350
7291882653056257319
7291637024128372004
7290116632431611147
7287925664957697291
7287170312112786727
7286803034515049782
7282694396435369257
7280866340632661259
7278627545493294372
7276407814078172470
7275248180474744101
7272301559218703670
7264519432486046987
7262716881637805353
7252263619352595744
7249703588627287334
7247052159248911677
7244430231719710012
7242953547598269752
7237370936725359883
7235221458690002216
7234102113490570531
7232991089563536674
7231467655641763124
7222966006925299003
7221853649339714868
7213687834883018036
7209990028368366900
7208861206717664512
7203660377899404579
7201708269943917876
7200997575758073140
7194369957457677572
7190681976599268608
7188466705184738595
7180649728680447232
7177681649092644096
7175113224231177487
7171370884349955343
7163917506149764367
7162091057512025378
7161732105196670243
7158770221220744463
7156532905362181416
7150949679973272867
7146560433678273833
7142084932725198093
7136871023307279652
7134273200413838623
7132827838754983209
7131743088032091424
7131313397903199519
7125370873078418719
7122022718001646879
7121657223494765832
7121273202315234573
7116050101906263332
7112777616754494750
7111656950781218085
7026292411609500958
7339870120019348787
7329756161081756955
7258213376030018852
7310863060095257897
7312373841341336873
7292290071103819047
7350973498891816211
7350589642955132171
7350230124211506471
7349845157975575871
7349462573227560246
7349106703843052839
7348384676953738515
7348013187276475667
7347614931694406953
7347259508332236051
7346517252805496076
7346134239127178515
7345029040400649535
7344673472515280140
7343539693700533567
7342058873592876351
7341709997631409449
7340563401225063743
7340194316721081611
7337581376423710006
7336822222847233291
7336508492456512804
7335783343902002444
7333175824482356516
7331675097326996790
7330876478659300644
7329812881573219625
7329057857553583414
7327558033284795659
7327206320958917951
7326078700385078582
7324710761790557476
7323882811558022436
7323086410246917439
7320899666235739403
7319778716312259894
7318655463753649449
7318294147213970751
7317578164627197203
7316815188525632831
7316431957347388683
7316072097665617193
7315291358577708307
7313104563240848694
7310501506908785932
7309368910976011532
7308677182514040100
7307898037546863911
7306435269383720231
7305693050485935399
7305322785524550931
7304560797508767039
7303070972918140179
7302709974814280999
7293792741245390115
7291522524872052009
7272980346298223887
7215466250082815289
7200580568650648891
7348363223357279507
7347253581973654796
7341693839830207763
7330900790866988324
7330603042385022227
7328330126968540457
7327501060912713023
7327157369782242599
7326072065818250559
7323892218337545511
7320910146861829415
7316548018168220982
7312693106325900563
7306803668089703721
7300855158307671322
7299030937629707557
7293112691365891366
7282604376718462269
7281643330964933944
7276765112889888055
7267932112437660988
7266569268551060791
7253607369685421349
7250405312329534777
7248942333750791483
7246341535506255161
7243752486551506237
7243419694806420795
7234475770842778938
7229576512742116645
7227450404106276133
7224089691232996665
7222850319988935993
7219702861163285816
7218923941505649975
7217782821362863420
7211414722602700088
7203677419398499621
7200779940063628602
7172127413554482445
7168043435805412639
7167736451990408485
7166456810793159949
7163554549721042213
7163270604131405070
7159409293077351711
7159220999353879815
7158425210843188511
7149812973010193678
7144719474241883429
7140594730294840583
7114448517329980702
7075859736343661861
7027826674234379528
7114213720120675621
7177297322051751224
7349164732584070450
7346907730940038451
7346504784645573915
7345024034087734537
7343540869162618139
7342424067372272905
7341335869879602469
7340941031866748210
7339465441351453963
7339085808424570148
7337277825168231719
7336492041322368310
7335737632523029801
7334646607004175628
7332390990696828172
7332041023415176459
7331662900320406847
7331267694131514687
7330540215024520459
7330176344669588777
7329080018590584118
7328687766982626601
7326534956572757259
7324988861178875190
7322015010283064588
7321689689788927251
7321284972810161459
7321269244539292969
7319792828928888076
7317559462053694731
7316938292421774603
7316927413080870183
7316080403155029287
7315713164539186486
7315256282498305334
7314984302100483339
7314216066010369299
7314214611077565715
7312439773384166719
7312776427965893927
7312371524814523667
7311705957136878884
7310885161741159699
7309391473819110697
7307924241305931044
7307567421861203239
7307177471844044044
7306736846480919847
7306435230418750756
7305748787677465910
7304950008200121611
7303470989793447180
7302704034320747817
7302348637940485387
7301726871958326582
7301643930817383716
7301219336172080438
7300478374210800908
7300096511122197814
7299740695508684073
7298655184593423635
7298296813814074678
7297909388000382220
7297534946414005540
7296832530240556324
7296419404949048595
7295658739686706486
7294602842164219177
7293919830724398399
7293819994079644991
7292702517211811108
7291219089110863143
7290472437282557225
7289734589969386771
7289405355602332940
7288990857615723830
7287507038010117388
7286409768523058471
7284504763306151204
7285276745589067071
7284166592328453430
7283802771537677622
7283451193106500927
7283055874996751628
7282698283074555148
7281582559585242409
7281569173015137575
7281201517409996068
7280789688623975743
7280462343140658495
7279497450765733132
7279345751824649526
7278927208830209291
7278690925277236492
7278165795367046463
7277862638422445348
7277454458307611923
7277118533530684713
7276095199514856743
7276026776243998006
7274529299254807847
7271939532424023359
7270817792889294143
7270078530388528425
7268255643897842963
7267887791269317924
7267082953883143460
7266101905602907428
7266740653323832612
7265931799396617513
7265643943717588279
7264496790827830589
7264144582022073658
7263469704252116287
7263391593661533455
7262973511713492263
7261918981060185359
7260484427250289983
7260047536814066996
7259315112052378921
7257822025127972115
7257831744227872054
7257451722245737763
7257117664714312972
7256347502373342518
7255552400465956107
7254998107820199179
7252261873469410593
7250416749055642938
7249698886657379617
7249304096463670580
7247798590364503307
7246340814673071371
7245973000728726817
7245214447814446347
7244464219750485281
7242357665924451641
7241497806102465850
7237419412045843771
7235981461084605754
7231885132410522940
7231108623093484859
7230746154256928055
7229286409100610875
7228503785126120737
7227397317119298873
7225544570157813047
7224470680018996538
7223330232915234109
7222968748137925944
7222212250092703033
7221451940184624440
7220725182489546040
7218491720407797047
7217405969226108218
7216634929055157559
7215920961760021820
7215521153358646561
7215153078205484299
7214083088333229371
7213299537597844796
7211161802850225469
7210708820853574970
7210370466572225829
7209998585398562108
7208114161505537339
7207724463452949818
7206985743896431930
7205508554160229693
7202916952157850941
7201788749712215351
7201420630200208696
7200707733333544251
7199245513424653627
7198841215297523002
7198077973776485688
7197757719208676663
7196979821031836988
7195866633825455419
7195175962970033467
7192568702393470266
7191767489288621349
7190322993262808378
7188814069292354872
7188431834596838714
7187684975750155580
7186225780920175930
7185839180382096695
7185476830730669372
7184326302311222583
7183676994414988603
7179986791498337593
7178925224145063228
7178040231512345916
7176635574395178297
7175819609923145015
7175450041883184439
7175069176137043260
7174333488273902878
7173588072964033828
7172474481204563208
7172108915516132621
7169504408353410312
7169131927553821965
7168759778057981198
7168016572936637726
7167287389382118663
7165436467374787870
7163952361713585438
7163548990259219726
7163197828968336654
7162822939459521800
7162457628063436046
7160222372862217479
7159479789580061983
7157276179450432805
7156522916174187791
7156146769909288228
7155771360088837407
7155399904293063949
7154657493510081823
7154288910049348894
7152438936311254285
7151692659315232036
7150947346027744525
7150578298307759373
7149842658062535967
7148354406440766750
7146518218855746829
7146157870287555848
7145749276293909791
7145018729481391397
7144264302172605732
7143914551866559752
7143157011818073380
7140191315735645477
7139074153419672869
7138704762601524517
7138354871719185672
7137217881519000840
7136540538521636126
7135361526881455368
7134628845600214285
7132764428956634382
7131285611217964322
7130806146767539491
7130218184182893861
7129819050590424328
7129475309010750733
7129052970200665352
7128695237228154149
7126454917144874254
7126089310138322189
7125306499701738783
7124837738083388672
7124619417681431849
7123860437409565983
7122745585232366884
7122373507719253256
7122019285949598989
7120913488070937890
7120161036065459470
7119829561218485539
7119460188502953224
7117621511741017384
7117555138490846472
7116856515482438942
7116114230490762533
7115705418554428685
7114959036671397151
7114591524595272973
7111990541071502599
7111263997160115463
7109760535700229407
7107903330621443342
7106839244831821097
7104144667448528141
7102715430271290658
7100486335663738148
7099747375396195625
7099409294902250765
7099000207773322533
7098255487883365668
7097887461019356447
7097103155468487966
7096375365026811144
7093833231275003143
7093432574885760293
7093058936890297613
7092690412594416932
7091955503487569166
7090470265863343390
7089406448676949289
7088607972061941005
7087878420171951396
7087145032330841352
7086029488554904840
7085640525742738723
7085269190021565703
7083410570468232479
7080816921481973022
7078960108113366310
7076377119709809951
7074504947278171400
7073050302999498022
7069312912753560844
7067782260354796808
7066681715946802469
7066298648644177166
7064087593415216392
7062634704901541132
7061542148151266596
7060404962295139623
7060037584931573025
7051134066950769932
7050759944588627203
7045936200867122436
7034434621077081383
7032579408854666528
7031095380431342859
7029983210662612263
7023689144266198276
6940590917749427464
6940192491526278414
6927212819670732039
6917547572794117384
7310176590468631871
7237444844703059240
7345447094469152035
7342841451765697827
7342109921682541864
7340992624142109986
7340250831029112079
7339513792524487936
7331346106246352128
7329489443159608628
7328978700974722319
7324971794711022882
7320954056900431144
7320583187350998287
7316872682849586432
7316144726271331636
7313151711407869236
7306838087072517410
7302020187715292456
7300900081593634082
7282671518990011689
7279750173830548788
7274928689555508495
7274256689862348067
7272326918052039988
7238186646246673699
7236701587698224399
7225571966491610429
7209255379845270821
7207745475502460219
7188840252281228601
7182168570678218042
7173619105633799460
7169164537101405471
7163600267319971103
7149871752364035359
7133496208605072647
7126120079779056904
7120181522346298638
7117585194424519967
7114623983391214879
7113131928311811368
7110533416835108126
7107567272696368420
7091237284036529438
7079733220538879262
7065633050964577573
7064519441597385997
7034832996616178952
7031531361676561700
7031121156077915399
7029268613798300965
6953193591946644743
6939462343327796487
6880814664163364110
7346819356757675318
7349436388825206027
7349056150517697828
7348789720656203047
7348304225585188108
7347924781292981516
7347561550506511679
7346084696620617014
7345691837362998582
7344242319077510441
7343941670729157900
7343526440140344595
7343199677011021097
7342788899128839465
7342429507208498471
7342037542293802276
7341621718563179817
7341255809269075212
7340498964665437494
7339923046343494948
7339774505444822335
7338735830237744447
7338374183644122422
7336420425494170899
7335777423243382052
7334964892274904339
7334650174171565353
7332801102678592779
7332405971798494503
7331630486332165417
7331211977655651596
7330483008459361590
7329748866822180137
7328253190925815079
7327858091368680740
7327524767819500819
7326429726745185572
7325743670534212927
7325286597937597707
7324937335404039435
7287794504625556799
7287038649659657508
7206679454859463991
7266029735480724777
7101993105246850340
7351029742453263656
7349174215649529088
7347639578397904180
7347318781196258600
7345834073148919075
7344351828089294120
7343607862255521059
7340639146907536675
7339896809734573347
7339154821485776180
7338422437991681315
7334330668236770595
7333938533335452943
7328764260878716199
7326918838165998900
7326169644031593780
7325427145025572131
7323939950741802274
7323176828229733643
7316133866740141353
7315384156861517119
7307986031851130124
7306870423960964391
7306137766130224420
7304581166294781223
7303885490359373092
7303143603180719401
7302396126500523300
7301646593235635492
7300911926584855819
7299821743760362793
7296087549179661622
7294255361383484691
7292005951358422283
7289408413291875647
7283841928003685686
7282357608407764278
7277897295574617407
7276812373841825060
7275677864522009868
7273073222327749907
7272294028706712886
7263312166487412004
7258854611325308199
7257865756560428329
7253645506419658023
7250021904776449312
7248581455608089867
7242249985394265348
7238524168092880140
7237332601046912267
7232888065532972345
7229539577181015353
7225926580692962618
7221152150414511421
7220036707024981307
7219669804372725053
7216698711320169785
7207424830969384251
7205936991970626877
7204833937569484069
7203724111250525501
7199639532759682362
7199084630098611514
7196271036059487547
7189981147969883447
7188501124612132155
7187416376393420069
7182024536726981949
7176869178438176055
7173263238530993416
7171409252551003399
7165846821145775396
7163599902268837134
7162111563917282567
7161745147233963300
7159516077007965471
7158771600932736286
7156920326952176926
7155445244073397541
7153578917511597343
7152479095467609374
7151723772788182302
7150999576068082980
7148766303111646472
7089384156941077796
7188082743618653474
7155048689298378025
7184289984675941684
7348819497676967183
7346891670648081716
7345782288728231220
7344670086050942243
7343195308274240768
7341713392593341748
7338741487544372532
7338005349007363343
7336508203737419048
7335761793513426228
7334661970353835264
7333536625575677218
7332060791761276194
7331698935540534543
7328360965345529140
7327603095700081954
7325008725901626624
7322036883469421839
7321297768637631759
7319814994672028943
7318701517949701411
7317954427103513890
7316443440823192832
7316097301146012963
7314970900879756584
7299014325170097408
7282686786105609472
7273415682505624832
7254131650181876992
7241143764549438735
7231866522526862592
7227830241056673076
7224447146165079311
7223700006014881058
7220735477329055016
7215544118527724815
7211079090206428456
7207385637425646883
7206627746133314851
7171023179564027136
7157645623158639907
7153214590342401280
7150975912467615010
7317253857942261026
7338771201789070632
7336443714375535872
7333119712504712448
7331751936489688335
7331336529870163235
7330247998271687936
7299827448684760372
7326132759666134324
7310527175906708771
7304217295285456143
7300885333808319779
7295685519235616035
7294541246163455266
7281940904405945600
7274071190921153792
7249676783455374626
7248959371147824419
7227027650580057382
7201348546606468355
7195857276173880587
7191338108997192971
7187673866980953347
7185470783387372804
7120817627466976542
7110929850084478222
7097509256777256231
6952853088822775044
6952085283898789159
6946488404704021772
6945745039754661158
6907561362965220616
6881108710769446157
7349476119550151990
7346892356530031926
7343186271373692214
7342435829345848615
7340944293365894409
7339092503880142121
7338341432601660708
7336115605990296844
7335376343539944715
7334650780110064907
7333903388884716811
7330935575068855571
7328330620915010853
7326848262973967625
7326100125229583628
7323875568095595788
7323132993168493836
7322402802263690515
7320917176104373523
7319433293198331199
7318678198953217334
7317934817612533011
7316454018010729782
7316088815813266729
7314968339380489484
7313859319135472935
7313115014162877759
7312369448441154855
7309403929605918015
7308286595398995219
7307543275076930857
7303835783440518411
7303093118474259751
7302357328349662500
7301606802414783807
7297927445389348159
7296416769256754451
7296044805061184780
7288996862332390675
7288249720684809491
7286415547133136191
7281944709021306124
7279757869065522443
7277885535933173028
7270073703034080575
7263044137518206271
7260794358130134311
7259304413389393164
7258931670382808374
7254491647487003915
7253372790198357252
7252628815858371878
7252254390885616935
7250782074569821443
7248930849930890529
7244465133945163047
7235559621543365928
7234817261763153186
7226280678470470964
7215151952479505703
7204776026990202124
7122638454659304716
7078495515037469983
7251881691919158539
7349159367570148649
7348722989225020684
7347673019017399606
7346920592215510308
7346185818408504615
7345814499838020898
7344290917764975891
7343878143586946358
7343148554401221899
7342882697083243817
7342011133303311655
7335045702701108492
7333212694146780455
7333051606453357878
7331347808684936459
7330991649247612196
7330245211009895716
7327971074963000612
7327633681403612427
7327546507740171556
7327190935241067815
7326887292843429131
7326453900272340243
7326079769081023756
7325284368736406799
7324674113954385171
7323581746149068068
7323112293733043495
7322073627795426623
7321217734296030505
7320869547228138764
7320464184037133604
7320178151764643111
7319786217485241611
7318767338743008523
7317992103479463207
7317269053196733759
7316520976924167463
7316048549085449491
7315718793282538791
7311619557301570827
7311319703849340196
7308351654594612516
7307602681353260342
7303068208330755391
7301654640158838027
7301259628321475879
7299431039515102500
7297597209330142518
7296409099162471691
7294630981267361064
7293124041748106559
7290177560376347916
7286374333436398859
7285990565152312615
7285636514158071079
7284515343232519465
7282031203950120203
7278241767680412967
7269651595250371881
7267802122983345471
7266662667740400932
7264550689697762596
7262705750697463055
7261950972333673739
7260846454430879030
7255578289547398441
7248932098222935330
7248922591690280232
7243789781023411496
7243658465636257058
7243037539764915508
7239293473512328483
7238547253894417699
7238129387005168931
7228508585506934049
7225465279029988641
7201387868193901836
7200574772055526667
7198127130675318016
7197695107515092257
7196632808599686412
7118551076688678148
7110558788188458243
6906065763526905101
6867500085605846285
6852645836271209736
7290507493396991293
7347316812943559963
7328774276213918986
7306416686423493898
7304879852841225523
7295371653364632882
7287930569579646267
7286432294892539194
7284601544371113274
7276855925317651770
7349437159054560546
7348742928224832768
7340051411260001571
7334266208348392738
7339922610446224666
7324963409978608933
7211496242193435919
7286390087636634895
7349139627007036682
7347638959079509298
7347309893227007282
7344534535645826341
7343995825590177033
7343637511752764682
7343488649620704562
7341018685303164186
7340485037474712883
7340247717978901770
7337483991026568499
7336935974594694427
7336525972629458185
7328009785478057267
7326396261010115891
7324885061252238629
7320060901388733747
7317842588390804774
7312823657288535334
7311121670025039114
7308559654626315546
7305974656903712009
7305779073203113253
7305283458069204251
7304112548956081417
7301198706538302757
7298692567284075786
7297975782276664586
7288296068377300276
7286122035225447680
7280422790262443298
7271544878062931256
7341214904466083112
7324125546986704143
7323097303768665384
7315222197860175156
7303404584075119872
7284252116217089332
7234800824285809979
7206649253249240359
7203192556312612107
7195116303890386208
7192202642007887115
7189537197941361959
7189230290257169667
7188474533148495115
7187730750286974212
7186989296748956932
7185696091885669643
7351020931751398710
7350961618202692918
7350703365564697875
7350290776380755211
7350278085176085796
7349528015606500644
7349523275682188585
7349508061628812555
7349472667075874087
7348751062934867211
7348715115916676391
7348381552717368595
7348089862039375145
7347339014246026532
7346525980028177727
7346135332364078348
7345786211136458003
7345704500096666921
7345412501313506579
7345336749381520676
7345119930741820691
7345087724086365451
7344965906176445715
7344705034237578508
7344672816270249227
7344620713006976297
7344593063873875212
7344336681337736489
7344298151064489227
7344223217793469707
7343956115119475980
7343933657897307411
7343855605586611510
7343583350965193995
7343546716345437452
7343511931191364927
7343479233160727827
7343264486721195303
7343171846633835817
7343131198849371404
7343107430512905513
7342806235806305590
7342763272501759268
7342753696976997668
7342441001472085259
7342391853490113811
7342366301953822015
7342055698659872039
7342016950396144932
7341739656830111012
7341687683866971455
7341645254837259574
7341405306045418788
7341333242672385319
7341275599605927207
7340582089777073419
7340107882433613119
7339925830862146879
7339774777025924388
7339492192752307475
7339408112194981139
7339125834688531775
7338421480092470567
7338271747986197823
7338050212369403148
7337969793779240211
7337189662273916199
7336953643071016211
7336807805849996563
7336546738418748683
7336462994794122532
7336220060853259539
7336081363025530124
7335863383578692876
7335716775767624999
7335104523649830185
7334688294803868940
7334651806997318924
7334315013689052455
7333628913605709068
7333530939131317516
7333250837080263947
7333123890627071271
7332855819941203239
7332692960758222119
7332416549589912844
7331766838365408575
7331720409886346550
7331443071793564991
7331395524794322188
7331316477179497764
7331061821589179687
7330889354254060811
7330243283857280268
7329913570831944999
7329853459241487657
7329435380858604810
7328729947747437863
7328616357153492251
7327978337790643475
7327223220850003211
7326818104456006948
7326549712524332299
7326190240366890294
7326074909728312612
7325977316817947945
7310982913619660067
7305353595275185460
7352514163173772596
7351261290821651752
7350601593831673128
7347959895951445283
7347689364446596404
7345747970517716259
7345388599237545250
7343552448855952674
7343486299875183907
7342818299513703680
7341689410104167732
7339488365571558708
7338962435673509120
7338716489014332724
7338348665582439715
7338082197678673187
7336947287047884072
7336195427399650595
7335366552880975119
7333884385873186088
7333464809276558626
7332475821807914274
7330925698913291555
7330488107390815540
7328345279818665216
7327249909516651828
7326466502838734115
7325764818026122511
7324426792457047330
7322222545485188386
7320587458104626467
7318592364392598824
7317556889959648546
7315446532008971555
7312682996191005987
7312440449174736163
7294208249711103284
7293721951015570723
7292771040264998144
7278166949060758818
7273102971410468130
7270854916409658658
7270812746277555491
7267488902401756468
7266300047506148623
7254159944960757044
7247006607685586191
7205070247018220860
7198743463184174394
7197730622582836517
7179122331195837757
7157957648065875231
7345388829097889061
7325748279004646666
7310911636133514522
7292621427411406106
7289279215948614973
7271160199166037308
7269715400416382269
7268570597704174907
7261167460508847417
7247392355995651388
7243741640798637369
7242596514499939642
7238919865048862010
7218426869949975865
7216632174584302905
7215898689263488311
7210252686594182457
7209618927792442681
7206975602153246012
7203288206379322681
7199269888945392953
7194712450451787045
7188390687262444860
7145756169620049166
7140174578575232269
7139113741513248037
7114931516311899399
7097509959839091998
7090804393548795144
7087467481979309326
7081185329763372324
7076334975750049032
7074814494404267295
7065987457195592997
7054381407245700388
7047317581786647821
7045595139644935461
7040395495436471559
7035091316358925599
7014385688724475166
6996136010107096351
6986595988399983886
6985497596726988039
6957192725229833513
6956145812338412835
6939128216774921472
6916471894808005888
6913866001318776064
6913128762125077760
6911204132158262528
6904583826664721679
6900107758016662784
7343264214208859426
7342515968121294134
7343636579363179830
7352093223633947940
7350640314626903307
7349531192963763519
7349154588349549861
7348782359136734476
7348259059134401828
7348087917425790243
7346451770031213878
7346187497740848423
7346056192851971382
7344690545328934198
7344635827869322507
7344245746461412647
7343979069714828580
7342005586889919785
7341352445672475943
7341232385385630987
7340478527176838441
7339067771021528356
7337633463341681959
7335435424107744531
7335039653470407955
7334724534437809427
7332504279741222180
7332388072123862313
7331592177199369524
7330146057168473385
7329851301670440207
7329531087221247266
7328410967660825871
7325049422528646435
7324951250443783459
7324518626025884947
7323843710632938788
7320447131272121641
7319657686272953619
7318536250800016675
7317616215441149203
7313896499480448297
7311489139977751847
7309035343611792655
7308524705173048610
7307551223341698315
7302421790251355444
7300761513516715264
7296129909469089039
7290878072977476876
7290155371077897511
7351785594445483304
7349787337087388928
7340593126999969059
7334374398205447450
7334301046442822922
7325841148340112677
7325809463858924827
7325480087837478154
7322123966489955593
7315076319765663002
7314897786460294427
7314511594937961765
7307845859188821298
7307628144830238003
7305726418976115977
7300909768573472026
7299413475166588211
7298679171964783909
7297957418858712358
7295692924585626906
7292349467062209801
7290505086260907301
7288269304007576889
7285650486617722170
7274213483292527927
7269367666471701819
7266036865248120123
7251207508478512443
7244161320117964088
7160248179403885854
7352841445532863759
7346576183225584911
7344731671243066624
7342335580128267529
7330511575800958208
7319069831150570787
7311722408996637952
7305010425735695651
7290535688913587490
7287144412935621922
7271614787870543119
7269725588967951668
7241094265604951356
7230660060685389056
7213017401246436648
7202553827763981583
7174369669745249570
7167662040968858932
7153203920951725353
7143551166004219136
7107222003563629839
7062259103443275042
7047429707490413864
7034063910047092009
7018188904092224809
7012251403519298852
6971361115011960094
6955457212546436366
6944307366183701768
6941012585655323918
6921681819712703756
6902728369725607175
6898244712767966478
6878856634500664576
6877354338419838221
7339392160736873740
7324549315274247460
6710417631649746180
7352380347591544076
7352009404633353526
7351638645008371007
7351267072921341223
7350527688303463716
7349409220338502948
7349047788933549324
7348669355632135478
7347565837550767423
7346814081321471268
7346443471869332777
7345700693853867283
7345329713331637516
7344599430156291340
7343846150614650151
7343103450382667062
7342361462972730635
7341992341626031401
7352747081196375296
7351623736337927424
7347920252157562127
7346531727734525224
7343933677153291520
7342473130063039796
7340219817959361832
7339756861903637775
7339113108096421120
7338384694691630371
7335409721593171200
7329115038139124992
7328346611384438051
7327971794860739840
7322407596550294819
7320924121594989859
7320181598748544308
7316099584600657152
7314614435891383552
7313007787137633551
7312022440329137408
7311646444610407732
7311274723462237440
7306868306638671138
7303113531719765288
7302804829242543412
7302633261111594255
7300776287608605952
7300142229979467042
7298549916052311330
7296094543248723211
7294467855154810147
7289274412665277696
7271090791563496704
7190971548260404535
7176095195597933883
7132771137670417701
7089263411862801701
7041390683487309088
7029137428279561510
7028148907645357324
7332336198817484042
7352377573633985829
7351643881940864294
7351277894049549595
7350926133757562121
7350579320647093541
7349417907157208330
7348663272733773065
7347186816304418075
7346062314480602418
7345315949572001033
7344590223537425715
7343829573726899494
7342741657403591986
7342401290829401353
7340878029733760294
7339862608708635955
7339412535369682203
7339117444067364146
7338641970333486363
7338297228659821861
7337972004588473609
7336789134092160306
7336416645059071283
7335303318731902218
7333889473014435082
7333504132302654757
7326118832848768266
7324287382327414053
7320937365210434826
7319456814590856458
7317941840072740105
7316821433378704650
7312751084064230666
7305308821331774730
7296862181130308891
7291599967729224997
7287831931650166076
7281225155622292794
7275233837733498149
7274919706895650105
7263042374794857786
7247455781862264124
7243333284862643513
7241163639783181623
7236302414838615354
7234090226501569826
7215899808077188407
7212951227271843132
7205919783080955196
7205540274674650424
7205161289868414267
7204802956758191397
7197384230026923320
7191465310136864061
7167654769115335940
7163615014773853476
7133178299391413545
7112759913197161736
7106088048357559589
6963208618430696719
6958454622239395087
6950591705519262983
6887508891643448584
6846688502894071054
7326107234545552675
7129429793572965673
7352832851672337704
7351716046778240290
7351362421862239523
7350610416185199872
7349128679416401204
7348384225541819648
7345414878879894818
7344305465423088931
7343930322217749794
7343561149629107491
7342819553719684352
7342452979053759784
7340590756752608527
7339849781553958179
7339088688061762831
7338730401273335074
7338333434105957647
7337247140776791330
7336873604249881891
7336512960505974050
7336130919230639375
7334672395946528040
7333159941659708672
7332803020666768655
7332464902688312628
7330565696897699124
7327593388910382376
7327250342758993167
7326857081733106984
7326488114610982144
7325748170061876515
7325376951407873320
7322036286275996963
7321686548674612495
7321290396523416872
7320176844500684072
7318303451258162447
7317903020157685026
7316448354290912547
7315709173633715490
7315351096417848616
7313878385631988992
7312702898482285876
7310538907307789608
7310140221155331328
7309789152906726690
7308344157930638627
7306803777707724067
7301275744204868901
7294110481315368232
7280809495616343307
7271543843965652259
7264556411693141248
7245190868657851700
7242297479868271924
7220728445347597580
7203954965516176643
7203275487869685029
7202923517241773370
7189874130836016396
7183245738573352231
7181348095320460583
7177672998743330086
7176941896894319904
7173237758406708512
7172123294437543172
7167700771042037004
7160491315149425951
7151708163371191567
7146560433678273833
7144685880685366560
7142431412015189259
7140204827136527651
7134952371632868643
7131951429446667561
7130196702237052160
7102757895204244736
7267489656671980839
7352933290220735759
7352863065152507155
7352794315082550591
7352032727853485366
7351715052854021388
7347185588455345471
7346154491672071478
7343566730960063785
7341694226612112679
7340924708101131531
7340614513130999059
7335401640062651667
7333146315565632822
7332030038507801895
7331667616337120553
7330210136637574454
7329814163960745257
7329072172956175655
7328699060838272297
7327243422996188479
7320936016334867766
7317580253038234934
7303864420789177619
7303073197333679372
7300544605018164543
7299698547719408959
7298279452352482596
7297149435702725907
7284860812387306793
7282310159924333835
7271587210103639337
7270104728330128694
7252991870115089696
7239950393340415265
7239195120531164454
7235559545706270008
7229608970338520375
7229200129549520187
7228866570263530807
7228553709658131749
7219990845670329659
7219616308080446781
7219227030833974589
7217403592863518012
7217011432175439159
7199964008164740411
7187714666917875003
7185839280257027383
7183293478963662140
7182503727520107837
7180628488217546039
7167326760944569608
7147645526287142159
7147286248669891874
7140278088067190056
7133101229869157672
7131330768852356387
7102645375957224715
7089277292307877158
7009846038559214888
7297551894568848694
7291238167775153462
7102355809690012964
7352891078351129910
7352142445477449023
7351025332952091916
7349509555744689419
7348788427300539659
7348054490878168361
7345816944626502923
7345069637635230987
7344378651615726902
7343671668117654823
7340636086638529803
7340267768685546771
7336912820640009513
7334643098665913636
7333985928844807443
7331382038068595979
7331055003177733415
7327604383984667940
7326905877254999332
7319852346329091369
7319072076319477028
7318338659445378345
7317235618453523748
7316124662650424595
7313889969058090279
7313169506019364115
7311288450194361663
7310532884073303337
7309462287515995403
7309010199367388479
7308301941317176595
7306500398615956790
7305756744515423500
7304296238256639286
7302019587749465356
7301246409565687103
7300544342580530486
7297182399555734796
7296081169060236583
7295701339189939495
7295333493708524836
7294969021668035876
7294253807054114084
7293880883390598441
7293474833059335443
7293097935842184511
7292726598929779979
7292358178233175350
7291637024128372004
7290116632431611147
7287170312112786727
7286803034515049782
7280866340632661259
7278627545493294372
7276407814078172470
7275248180474744101
7272301559218703670
7264519432486046987
7262716881637805353
7252263619352595744
7249703588627287334
7247052159248911677
7244430231719710012
7242953547598269752
7237370936725359883
7235221458690002216
7234102113490570531
7232991089563536674
7231467655641763124
7222966006925299003
7213687834883018036
7208861206717664512
7203660377899404579
7201708269943917876
7200997575758073140
7194369957457677572
7190681976599268608
7188466705184738595
7180649728680447232
7177681649092644096
7175113224231177487
7163917506149764367
7162091057512025378
7161732105196670243
7158770221220744463
7156532905362181416
7150949679973272867
7142084932725198093
7136871023307279652
7134273200413838623
7132827838754983209
7131743088032091424
7131313397903199519
7122022718001646879
7121657223494765832
7121273202315234573
7116050101906263332
7112777616754494750
7111656950781218085
7026292411609500958
7352490650232753418
7352247955744673033
7352038375626460442
7351685163362962739
7351441367551282470
7350160201640693042
7349828030669393162
7349746043052903718
7349402999166373147
7346479514484067593
7345661721383587099
7345427935391780106
7344950092278795571
7344023198117203237
7343141927811960074
7342709515562798345
7342496770108198171
7339509649885908251
7338996789619576102
7338671434111126794
7338313992491797797
7336888800905399561
7335852971328146697
7335715374857571621
7335452853718355238
7334619404547804425
7334190838873951526
7333809540833561866
7333639816539622693
7333414769388424486
7333261788248608038
7333156755460885811
7332390259994414386
7329923793630072101
7329287355460832539
7328940384241896742
7328268019673746715
7327920491619011877
7327701433858460965
7325333264149843227
7323175995249413414
7176982167459859712
7276441590963408147
7317952720080604431
7311467717477944591
7308363031996681487
7306453812590546191
7303524856216390964
7303166762764225827
7299041332037684520
7286414965576125759
7276021468037778729
7275284600723737897
7272316813789154596
7264935082878635318
7262665211910343975
7249720144270806284
7246005061397007619
7239337708340923659
7221944377772494135
7187763171678031119
7140277338834537743
6694305380085828868
7352399079621643558
7350911516981349658
7350165692878048562
7346840065382927642
7344976254510140698
7344601856666045747
7339160383145479461
7333588336843541787
7332877676669078793
7325016421954571571
7321590385023749414
7342452152482188596
7351660382597041443
7348771140329901346
7345788870392352035
7341368168453066024
7338362717348105512
7276753225317911860
7186613552579480847
7176600643824602368
7174717022805298466
7341992341626031401
7341624286576168211
7339764951055158540
7338652782511017279
7338279435747069223
7337908619792403724
7337537268283919627
7337165812672761099
7336795517822750006
7336424206004981033
7336052367667907859
7334939909762993447
7334568036898196755
7334197368356605195
7333458364774632716
7333083967094082828
7332712333615140108
7331604009972747574
7331228944970173708
7330860576995937555
7330486476372741395
7330114945088048396
7328630740634193164
7327888954013830463
7327517863529499916
7327146988498144524
7326775652365929740
7326033497997511975
7325291135755177252
7324920376658529590
7324178372278504758
7323825252717448459
7321951245864848651
7319724805853302057
7319354797025496374
7316389952919473444
7316018979628207379
7315272322871561511
7311190415154089279
7310101917315648804
7309714442399386899
7305624812401986835
7304511949918850358
7301970779107904804
7300429734754667812
7300067714956004644
7299689278768975167
7297089338486082857
7296371565359402279
7293007099112492342
7292642225182313782
7292267065187011851
7291519068903935286
7290038826540617001
7287435063082405183
7284473792150129983
7280015241096744246
7279292942932512012
7278898789958585654
7278155534715358505
7277563102692969783
7276673365220314407
7273021470215818550
7269674650873957643
7269345900063903030
7268935613435481383
7268142848434834742
7266719267209432383
7264846505855487286
7264487336207977764
7263742251094920487
7263363643075513663
7260051437470666047
7352822649954831655
7352399206293703972
7351988378969050379
7351680235621895478
7349776581218405671
7349422625841581331
7347967368519339283
7347610410008300819
7347217470589013259
7346841457199811903
7346459007881727244
7346098188992007435
7345740447077109004
7345323456839355711
7344991641201036563
7344212180536921383
7343918537620131135
7343515198264773924
7343103759280655635
7342746702639615273
7341990215344557375
7341615265123241255
7341275748088450315
7340887608177855783
7340577174816050443
7340158385947462924
7339389010193730855
7339047706637143337
7338694133621476619
7337931814381669695
7337568867725724964
7337205229630360843
7336810608483962124
7336438676496370998
7336079716010544423
7335697163726458124
7335438831660829991
7334966363858963751
7334207912375520524
7333501358793952531
7333109467095026980
7332356836890283327
7332010699553557772
7331644198342495507
7331283687016910099
7330525075302649151
7330122692303146251
7329816775183437110
7329040954164317459
7327172076689804598
7326768991622401292
7326400623329529129
7324960802086063423
7324566418991648039
7324223194074746148
7323871763056577855
7322793065222065444
7322318093198429479
7321616686375882025
7321263574884584767
7320875014872370468
7320129526841789759
7318279978905390355
7317532599268691219
7317202778663783719
7316399044534865206
7315604709094542628
7314967868372798756
7314255908849126667
7313454008205659446
7313092121945263399
7312755495717080331
7312370202807766326
7311600125523152169
7311234033583705380
7310113638331780406
7307943655812123940
7307519298833042699
7306405686114536767
7299732618696822035
7298960113220472076
7298614041369529639
7297872074318548243
7296432918040235305
7295977247926652171
7295669597645114687
7294538703102430527
7292687708890221863
7291973947690732819
7289725724854947126
7287847218814487847
7286381663590927635
7281189247036493092
7274834397159820598
7274089805783289100
7270013517569264907
7268184472661560612
7261891409236593932
7259293104539323659
7252937734292131076
7228523364221046074
7223683871307615545
7220345294712474936
7218855673428249917
7213665510288854332
7205130811325058341
7202919767219457339
7202176175030947132
7199208289698123068
7193999348856884535
7188060330659024165
7185837041307979069
7184720771523104059
7181383380146097464
7180640101821664572
7179878462893706556
7178437827829550397
7165819924106120456
7161638552730651918
7161262541639896327
7159024628873039111
7152168764836941070
7143144261616258344
7140917325796101412
7132055703081979172
7101169667556822286
7097520025715658021
7230284688349302074
7209967327071227193
7198093316158770491
7352528196551707930
7352372676557606170
7352001019309460746
7351723277514984741
7347176817821895963
7346805108405062949
7346154681183374602
7344207705403395365
7343931068044578075
7343172545828408602
7341610483268472073
7340590338488225051
7339392259235892518
7338364323112242458
7336787474372480307
7336506703430618395
7335023355050888486
7334211307660414258
7331589947343883547
7331218888044154162
7330521692021837083
7330569030664785190
7328706107797441818
7328343330339769637
7326024693759118629
7325746657302269222
7323796853621820699
7320828108750294282
7318601054076062985
7317210733719194930
7316840373899283738
7315645922430438665
7313407331000241418
7312384017662315802
7312019883301145893
7310808953926077746
7308212919827827978
7306448299383409947
7305610034182950153
7304963705266097446
7304594340117089562
7303018553978948890
7300432733170404646
7300056370861198619
7299026804155698482
7295223307828301066
7293831465505213723
7292636918204943643
7292264269217926437
7291976521877638409
7291233993679228215
7290031877371645245
7289664893534391609
7288265331938741565
7286690141471608123
7284833597800844600
7283929373990866236
7283029240528801082
7282236578456472893
7281876034633485625
7279253140795313468
7278250326224932153
7277041628584398135
7276674380040539453
7275649909678951736
7274443345240263996
7272599637406649655
7271191400039927098
7270084283908279608
7268876927455268156
7267478104312991036
7266279070827072823
7266000887259139385
7264887804558134586
7264053242332450105
7263681607138102583
7262662011153141048
7261454958258703676
7260064226155334971
7258858538183691580
7258179432014269753
7256262130452679991
7255613662348528957
7255239879716654393
7253662257341631781
7252272145286384933
7250693634780056893
7248471356248018235
7247353275274595621
7244478657471794490
7242900246982921509
7241880085559577917
7240674566643731771
7240350110675225893
7239283072796085564
7238541154931854649
7237705257952824636
7236315552296291645
7235481785684036923
7233344361965079868
7231855330345438523
7231117021381922085
7230781881808178488
7229637662640983352
7228428940497505595
7227687475999722789
7227315516623408442
7226665924101688613
7225918346955459899
7225183092422495549
7224069147049692477
7223326569014512953
7222489988267609405
7221474501995908408
7221097859083537725
7220729753181981989
7219893714355785021
7218126795474750778
7217296819900943676
7216926833491725626
7216276069849009445
7215535166469590332
7214709359895383351
7214046963610815805
7213303909819977021
7212207749545905468
7210714006934293820
7209621662893985085
7207736155146603837
7206903644917140797
7205890152550370615
7205145975365569849
7204382109748727097
7203291439906688313
7202924102686919995
7202175461189815589
7195492207795768631
7192806344733265209
7190656990455024957
7189930352528362807
7188442296726097211
7187332581661166908
7186126455842098489
7181766365051735354
7342103380271041832
7332436610048396596
7331346890367274275
7330937667032583459
7330611456255348002
7329178251807427875
7320932730445761832
7319098851095366947
7306105107177917696
7009881531250445607
6905944575903304975
7315354307975482650
7311252936804355337
7306813205249133875
7303469296481602826
7301983885758385446
7292363304108854565
7288267522913127717
7284917123787394365
7278647655973031226
7267838605534547257
7258940591617133884
7256711676748221751
7243744312079568165
7233706287538736395
7219228103636258081
7204804962671512843
7202178121032944934
7195866726347574566
7179168998951537958
7176210502597578016
7163851930026937611
7160978182835850535
7146505202189831435
7143952345662016805
7141663777518374152
7138738208925420830
7134259239194774792
7127963961525374239
7119856493440044325
7116889842176265480
7109048275830852900
7104965810476616973
7101637326815661320
7094932777853783296
7090114632978943232
7089369693500230927
7087214897435528488
7083446458510347520
7076396115301649664
7076045188761718057
7075282205295070479
7070523905227656463
7069363957789756687
7058996458933980416
7056387603888721193
7052266678637350144
7050453148799946019
7048183022037896483
7047449042187521295
7043008822281112867
7041876544616172835
7040426444610227497
7036703525367237903
7034857865760296232
7033764836609756450
7030748838143053096
7028175099324943656
7027415708766129448
7026918328593648896
7025568924997668096
7025188456007535912
7012929365033880836
7011083314962369831
7008103325069626627
7005528056806853900
7001044853106674983
6998454296035544331
6994726083832646950
6988438327405841703
6979574168748690721
6974349276734328098
6973216066809974051
6971343270282579235
6969177583753776424
6968765420106943744
6967310494633889058
6962114114403585314
6960270065853910306
6959898470136253737
6957652916815629609
6955790375734873384
6951658927557725480
6944308697992596777
6933575515575946511
6932097425582607616
6930900889913855247
6923157128119209231
6922048801855261967
6921287498303819008
6920208084631686415
6918713918525426944
6917535761248161024
6916812326016421120
6910179562383019264
6906794056265878784
6904808374269922575
6903086387478678799
6898266327333621007
6894227946685435151
6893463006437444879
6893064706228096271
6892693377242991887
6891962948680535296
6891631518360341760
6891259213314624783
6887484164233350400
6887149276720336128
6885311969226755328
6883832797144911104
6882926535737642240
6879357325866470656
6781644203811196160
6736371471100267784
6717841491051482371
6464513916947926285
7357295218477108490
7356918270361881883
7356108274338401546
7355851812961914150
7355461471809047835
7355116284415167753
7353953492689505586
7353232090034392358
7352838212420783397
7352490517931789595
7352136712077757746
7351380390034017562
7350973753779637514
7350630587834649882
7350252623011876105
7354214991886601482
7353191807078927626
7352862868624231706
7357430988466638117
7356907384838688037
7356590057425374490
7356514484564839717
7356174024742849842
7355281888761613594
7354949043107237130
7354619099298811173
7354311361834274057
7354298083859057946
7353128498225106227
7352532712592379145
7352432822205910310
7351633589802372379
7246786024376913192
7007837279955799299
7272323711225613623
7357296022638316837
7356889533297822985
7356534153631845669
7354695232199413001
7354299658413313289
7353956698362596635
7353202827231120678
7352825415305678117
7351710010205900041
7351359540966853915
7350238036598312202
7349128020831079690
7348755650001849609
7348390720979488027
7356826816335613222
7356605124396993802
7355739348488244489
7355492848772369691
7355400714132131098
7355190191730003250
7355112580978871578
7354821978857016585
7354645197323554098
7354573325454069001
7354365924838771978
7354048951173008650
7353897133910527259
7353706813025438986
7353621410482228490
7353522844577418505
7357614322706599194
7357570124259380506
7356551450299731209
7356343562889366810
7356171754240298249
7356057121726762266
7355966473782725915
7355844166594727194
7355310294396161307
7354971738272206089
7354608468415876389
7354054623117741349
7353887092604292379
7353540025574788403
7308321564108410153
7305678636923866431
7357329839923236122
7355819275715677449
7354669001206746418
7352465707197631753
7349902002853367050
7349088240974056755
7347663265222249754
7346902601352350986
7346571089197288714
7346171889712188682
7345822509306039562
7344635313354018085
7344318770447519002
7343208301716458761
6702026979333475587
6714488280135601411
6787639246179093773
7350986592493784346
7343921455077395749
7313535068637596979
7303839149273009435
7297547149082955058
7294124375253470515
7288654286836256036
7283807911434833210
7270401999651228987
7239285048023862584
7225940553182039308
7208938794937060666
7141006635496918312
7266020713436433699
7357585372764818740
7357214820564798754
7356736453466000680
7356386527334714658
7356023163278363938
7355729748204506402
7355670428658044194
7355419419092290831
7354155765915077940
7353945793180568866
7353547576152575232
7353090335473519907
7352446123396697384
7352292172193991988
7352071725221301556
7351980716030250280
7222246318465404216
7217394071843786041
7145459602031774991
7356831700233637159
7355728937944763660
7355474515280792844
7355059757402606887
7353125471204150591
7352755878866488612
7349468106537864467
7347244921830624551
7343910631575227659
7338706177074744613
7336479891237375269
7332814111031463195
7332038181703011610
7331301340607433994
7357615048656784667
7357273204123061513
7356902432401526053
7356529124602613018
7356161447656787226
7355799023002995977
7355418177729334579
7355350014794796298
7354610710116175114
7353133544358612250
7352470324216089906
7352027615705779482
7351650154988064051
7348736568280010035
7348305533155167539
7347960803145911562
7347622352080899365
7346804633932811558
7346143395833728306
7344605939971919113
7344265000971750706
7342023931576012082
7339821061090839834
7336428794485460233
7334549805621923098
7332767536825584934
7330625105522887986
7330525192646659355
7351390730042051866
7337673535281810738
7103505102706642207
7357329023589944614
7356588848387771699
7356211897441570085
7355843394914077961
7355106815241243914
7354734890589408562
7354355520540511498
7353981745320054066
7353622677807992115
7353245308140260634
7352869677640568090
7352514441193213193
7352136860505820453
7350274334079880486
7076461363295423780
7357532210213195042
7357158944873139496
7356779819339697443
7356096787393924392
7355703904534891828
7355290586946997504
7351589460473023759
7351203609557650688
7350088133960174848
7349778743419751732
7348959850526805248
7348226707792366863
7347865234771610880
7347486095128431924
7346742140233436416
7346427331524791567
7331303165939174707
7292724355832810802
7357262051091238181
7356511708996767013
7355819901342256411
7354971650808483081
7354691459754347813
7354301172938837298
7353929171757780234
7353471453758541082
7352819110125800754
7352707358184754470
7352424451557936410
7351335770130550042
7350237071157579034
7349484518648089907
7348732983693643046
7348347470491045158
