7273429467714866471
7209936942534806788
6978400213446692096
7349487108525985065
7349075849838185769
7348787684753558838
7348354692285500691
7348004545244548371
7343937043224956172
7343578122324905279
7340567603594693907
7339834096685829387
7339472110236060940
7337519436821286183
7336154940882160950
7335768047816346934
7335385454264585511
7334653325322915083
7333925660617952531
7330955894227815719
7330560268449172777
7330197219418672403
7329752441593810212
7329071439926005046
7328388209061235987
7327598162040851748
7324998481678961931
7323503992804363583
7323133335763438889
7322756654024379684
7322411399546670377
7320905683891719465
7320173168415477046
7319415817530101003
7317549949724413196
7317301713562537252
7313888316032552231
7312370547151654207
7310535250805820735
7310148640620694847
7306454530730822951
7304214793995537676
7303080382918888745
7302734726060592395
7301241174327692598
7300131477969243403
7299771854300974390
7297165148832189732
7296371726613548299
7296417292022304039
7295331481772133686
7294216105713814803
7293463846516231435
7291228098278788371
7290851221798161718
7290485727014440231
7289755257620434188
7289067124696321319
7288718069596228905
7288268387115912459
7287530278749293836
7285212898954136844
7281580142063799563
7280787261661154571
7280486613371718951
7276759189827931433
7276400973029854518
7275640970673179967
7274908710609112339
7274231996782578955
7271916962853244172
7271568469630422311
7270090357063372086
7269253675590094091
7267108992894209316
7266756323851750697
7263766810242141451
7263040475064487222
7261923810826374439
7260054720314690852
7257831870551903542
7256370807184706852
7255986858729983295
7254882307075542291
7254116294876876043
7251160085622295840
7250413692473445636
7249685801716419843
7244102471130418436
7241475538827709729
7239645137557523723
7238906425261444391
7237802088405798147
7237065899260300555
7235940489579564327
7234843742589570315
7234470082192133388
7233716713634729228
7232598915164540172
7231853410457357600
7229642710460681475
7229270819896053004
7228528131571715332
7227795338596289796
7226666412591320332
7225930197311261990
7224448865322290464
7222959348719389990
7219629952012946699
7217040559775501580
7214419735163702560
7209235340685626662
7206997705363557635
7204775014070111499
7202173382597643532
7201358320114961703
7198046289366437132
7199608164629761292
7195858044570422560
7194386531899952422
7193634552785505540
7193277682963041540
7192172452288498956
7188542823518489860
7185839849398717728
7182883157740440844
7169937638605016324
7166923280853634342
7165066663941950756
7164245187919744263
7163580384112938247
7152088302579993887
7148001079203089700
7147253748421709063
7146883349582302477
7098267458871627043
7096034053903650048
7090130133402520866
7085278468388228352
7065643951805451520
7061547642588810537
7061164222746479887
7057098294664776975
7054151727582334223
7048931293022768419
7046292718745619746
7044102237349481728
7041499671704915234
7040416482769063183
7034435785013169442
7034051333472767267
7033359053657001256
7032636532120980751
7029618337529285922
7025544091945504041
7019986935368174863
7010699786970041615
7009962122079685922
6998084098270989603
6997327611084934441
6996223627968449792
6989918817686146338
6989600866076560640
6983532834657029416
6980684483397750051
6980276949184695593
6979531862318271744
6975084157403778338
6974713500308442402
6973593134374669568
6970250887835012367
6968779675913014562
6968029065534131496
6967186437624188194
6963583854783237416
6960691063585656079
6959776882833362176
6958016388103523599
6956159050560064768
6955479198349675817
6955409255331663145
6954294392156966179
6950598899094670632
6950226446384254223
6949483659271376169
6948761216382684456
6947625957356358952
6946132055897951522
6945389631726800162
6944932190740303104
6944664273196993792
6943527624597687593
6943240314572246313
6940591154207542562
6939852361963670819
6939440232034995490
6937588720694463785
6936487550492265762
6936185187260845347
6936105600329846056
6931669926470012175
6926070837632142607
6924584246954839311
6924251816066567424
6920155553415040256
6918299179055942927
6917913525176274176
6917574086713412879
6917173335096839439
6916797272663608591
6907917573803773199
6906049724336327936
6905295786993667328
6904916097623985423
6904161243771178240
6899345948590296320
6857426233538399488