7333925539343879460
7314978735516585235
7226588507534298428
7349530693073931532
7349121776074558756
7348769010370022719
7348379996462812470
7347633396111265060
7346797636235611446
7345454100974193974
7344966440044268839
7343961897542208780
7342849156903341324
7341715293401615652
7340851140541582633
7340257158119820580
7339500213268172068
7339145331998723391
7338027356054900031
7335772572820294924
7334909505915964691
7333620431292763403
7333068634740247844
7332750086327389479
7332426357684587839
7331738141130296617
7331370143127325971
7330939723080371495
7330524494009814284
7329856030119054646
7329390439470091574
7328785405300542759
7328253705566883091
7327745551770848566
7327645169812081956
7326910746665700649
7326519349718600979
7326146147632876839
7325761841383165247
7324269790875421971
7323201901342870795
7322778470688378153
7322374698489089334
7322038850774191423
7320853508012412171
7319438372064333067
7319082002546806027
7317992182135262505
7317876035586985250
7317594959262043432
7317250366767205686
7316755698803674431
7316124525182143807
7314634851771026700
7313495882391899433
7312415501492260150
7310537942714322212
7310109116964408630
7309803583959092491
7308600606715825444
7307997115332971795
7307195443413257513
7306805224398703884
7306126327319366924
7305004020677070099
7304636712750173476
7302066691020786985
7300556769682640147
7299842453849345334
7299420036308028683
7297935075755167030
7297464506849037604
7297080488206896425
7296430842325273875
7296085521367862569
7296023256350395711
7295710545250880831
7293832398033145107
7291883082230140199
7291598742187232523
7290501739822779659
7290153935959117068
7289682696786234660
7289407706866257215
7288653876545309971
7287563932313734412
7286866572977753407
7286110080762694966
7285600011876846848
7285298167447375115
7284861629530000694
7284620623794441487
7283323426800995596
7282955525438950692
7282740768542919947
7282312668118109440
7282047551149280547
7281899057088302376
7281465280184831266
7279237966835273000
7278873893631233295
7278534462592339215
7277766218759671074
7277027021237144832
7276063002716015872
7275707583715921152
7274906563112914228
7274447885683494196
7273856889660640527
7273136331319004431
7272706052603350307
7272360368947727650
7271909367040068864
7269215333443980559
7268245990413585704
7267913191747783936
7267184912879373608
7266440015268400436
7265291040834342144
7263447721799847220
7262593169102064930
7261936127630724367
7260365447298649384
7258838489922276608
7257869247374740736
7257476476759526671
7255133613497371944
7254790023051005224
7254146592863685922
7253081999903034658
7252336608748391680
7251973152517917952
7251542064830106932
7251199716032072975
7250486983754059042
7250114973295299875
7248241411974253839
7247851141596204340
7247527438429818152
7246790311219957026
7246377662292200704
7245620322777664783
7245224434452155663
7244872845686246656
7244175044958588195
7243741387215097088
7243435111172148514
7243006225955212579
7242622178129136896
7241946870430338344
7241585401469685027
7240336005662919988
7240046250341502208
7238954845019852067
7237863205966482688
7236390241500712232
7235951239454903592
7235258157168119073
7234033506983120132
7233763300075392289
7232297548386422054
7230803327729093920
7230243890920459557
7229214528704089377
7228409502935125285
7228040411950910775
7227269179508854074
7223401028165684491
7222652880455617851
7219674930026171709
7219320353720487228
7218134226825268492
7217439269969726757
7216568270135069963
7215974598997789991
7215589045353680166
7215186664132447526
7214751730314038540
7214420906918153511
7209304692797607172
7207429166701071655
7206326256277769475
7205187785823718695
7202571515714440452
7201141876320128268
7199972197010640160
7199608716629396774
7196920478815112480
7195912921707236647
7195410091405774091
7189704273670835459
7187353057703824679
7184450330535546144
7183383086363659523
7179158761637006604
7176501966862880011
7176089705493105959
7153586442676079905
7133920100792470796
7130213327828946208