7319822919436193051
7325060516676734235
7305707981235195186
7349134219798547738
7348765295172963636
7348392124317961472
7347646458981535028
7347282608134311168
7346540185544297768
7345790801701604648
7345022937277140262
7344684510530931995
7344323254774959387
7343930937358470427
7342131020860230947
7341357249513655592
7340589680599043328
7339483794514251058
7338744736372641050
7337680289260522803
7336900430565297443
7336064003594095909
7333602765463178523
7332138952649887026
7330951330233601317
7330212420620668186
7328047839722982694
7326162717000191283
7325760483615624458
7325375676549303602
7324634277969284378
7323145112375168307
7322812560141520168
7322468982911470885
7321677473530334473
7321298210838859045
7320561699277278474
7319125696960433435
7318710411321281830
7317970220994350363
7317597280792546587
7316849145090821402
7315779695394524443
7313915154595450121
7313500961027247397
7312398380481744166
7310584138744991014
7309469874860920102
7308739984377302282
7307848953255497010
7306863581008645426
7305661788895431963
7304990347057319195
7304550606306282779
7304276128837930266
7304169183200267529
7304152056732962086
7304134069002980658
7304119440042413338
7304095478461926693
7303814402510310694
7303790961019211058
7303739372136926473
7303559171226488114
7303447458338655515
7303444133555768614
7303401594245221658
7303188040594345225
7303185500725087525
7303082722996653349
7302809551106002186
7302653944348658953
7301511619111046451
7301254539326295333
7300900180415532315
7300593663346789641
7300420164036742437
7299848950855519515
7299723451781238054
7299657142351498506
7299447301955734822
7299100473187994930
7298899302015880499
7298598847520034085
7298186642207051018
7297872740621536549
7297847998200024330
7297620643657420083
7296164242212850953
7294274740686949683
7292682080582995227
7292420037321755942
7290209015634611514
7289827671863790906
7289345075425955133
7282655192674356538