7213660176790899972
7221448556115168515
7347590520069311753
7343471541969046822
7341618802989305126
7340506347127000357
7338699265625132315
7335678877676653833
7335311330129284361
7330905763310767386
7328680112151350579
7327192644189179162
7323117660340899081
7322361341644229939
7321618900121128219
7320879235634154790
7320506498260454683
7319036907789274395
7317922961418226971
7316816508464778506
7316416821739982130
7314589138815044902
7314211798708784422
7313473473962200330
7312730044529413386
7310863880471743781
7307530450703011081
7306087238687837478
7305291026925735178
7302314507001531685
7301217060837657894
7299670586177948937
7298617565658565926
7297134857186970918
7295662900226624777
7294173940631571721
7291940459767794970
7290826384627305785
7290447670349466917
7289650762639002936
7285559313223961913
7284886330109087033
7282664035705785657
7281491736671653175
7278214747361643833
7277841187606629691
7275258865334095164
7270419613198896445
7268562714295913765
7267819667098602809
7266704897347767609
7264108755464260923
7263367642767985978
7262625308904344887
7261140165614128441
7260766630827871546
7257433722293587259
7257063168445271353
7256319897989336380
7254829293975440695
7251126491545619770
7250759174731107641
7248518283861757242
7246315252692847933
7243700572476427577
7242129346838760764
7241387055740243260
7239998885802904891
7239629365842054437
7238852938133802297
7238492404829932860
7237379203455339836
7236297100873583928
7235465962093399308
7235190252846042380
7232942407715704103
7229615863903554848
7225527111098895628
7225150669815041283
7222583837614738720
7219968924031520038
7217365760627313924
7216578255590067467
7215865343577738528
7214388698123717892
7212918206074309899
7211056439719218470
7209954628652322051
7209198997469154593
7207356531522817292
7205139435103571204
7203621361200287014
7202150304849104160
7201412575941119271
7197712341692189955
7196963579235470630
7194365689879203128
7193265306352078084
7190283565798608160
7187687847678266663
7180278917289348384
7179152153372642593
7178796932159098151
7178052763186629920
7176187127808527649
7175468565376634123
7173597273371200801
7172852983812705540
7172105592520166695
7171381689187388704
7169885789768207627
7169138705888808195
7168390622913547532
7167284908367416579
7166174984623131907
7165429023462493473
7163573074757995779
7158374338318667046
7156525095509413158
7150218059343564039
7146133912908090655
7144279184859204871
7142056232231193887
7140567677805858085
7139451456398069006
7137976181072104712
7132031554301218079
7127957279306943752
7124608553251310878
7122711544680467749
7120524193661324558
7118283996072643854
7116451479304539400
7113895415094824232
7113112798078520590
7106084094131326245
7105310759399263524
7102736520200621342
7101986878806641928
7100860018588716325
7099747731362565383
7097888292376546590
7083817503574527245
7082002355360697607
7081254355533384990
7077159502805536036
7074564318204824845
7071612916696354078
7071226051942239495
7070485102236683551
7069715308117822757
7067889559400434952
7065498575223966984
7064842612070485256
7063446262808415525
7062345624049454372
7060820262488460557
7060086236051950884
7059305030335171871
7058588078595771684
7058158926302416141
7057480919489285389
7053726725569547557
7053381530110004494
7052610805065436447
7049644719785168158
7046352582121508109
7045225648775908644
7044839074095566110
7044159804192984356
7043008026965462312
7042657294491847971
7034079210599664896
7033325909306264845
7032263060328910120
7031862390371274019
7031518969550884130
7031117408962104591
7030371629142232335
7030022948803104037
7029649501711355171
7029248145930325288
7028892263426166050
7028528156176911651
7028142325574520079
7027048634269044003
7026660879794031912
7026289628873379106
7025973270050557184
7025547294434938146
7025176962926677283
7024435516967816463
7023702579565612328
7023340918518369570
7022961643596369192
7022284615356304680
7021895091937758498
7021522097629351202
7021092008575962409
7020705455093583145
7020386587376618792
7020359212660198656
7019969340917189888
7018495918316047631
7017416598424177920
7014780022154186018
7014445228925013248
7014042231505947938
7012552756984614175
7012193966284229902
7011697463518154014
7010685029269458213
7009985986536951071
7009215946397207845
7008811531597073672
7008509795028208932
7008093725746334983
7007736375248276749
7007370834763435272
7006247695169899806
7005128638798613796
7004787465298955551
7003268840213712164
7002585681302228261
7002131315004902664
7001762025047182629
7000691894875360549
6999956642477526302
6999617730030652676
6998110305884654855
6997723136871435550
6996619894896823559
6996250517831814413
6995501293330615582
6995099684519841031
6994336057768643847
6993229228095327519
6991081139939183886
6988076471369649439
6986988869438803214
6986254307637202212
6985803044722085151
6985120152601873678
6983287239040093476
6982907850364374280
6981047472718122253
6980274429888679204
6978824838433606943
6973279033660411166
6972907380094897438
6972175609367645453
6969569620038618398
6968455547385335071
6964739066399083789
6848366745682529539
6765173527046900999
6668167783466945796