7346156704507252020
7296430071558982952
6947610987423911206
7349488025463721250
7348399898116508962
7345780594401381647
7345301110334213391
7343913660504362274
7340926169040030991
7341696614563597608
7340223220307479848
7339849420558617856
7338727577143528756
7338354796270800163
7336882463484038440
7334645295625604367
7333798728677051700
7333521622000864564
7332071650722106639
7332058919910509839
7331653377400507700
7331357609561296168
7329821956516203816
7328707784109772047
7328343367761415476
7327959205866999092
7326482124335271183
7326114350287162624
7325369542438325504
7324257972907969792
7323516655525432576
7322775800221060386
7322401632640044328
7322065189212310824
7321284972810161459
7321202168504093987
7320915946724445440
7320472830984965411
7320172799803297058
7319107061264960820
7317564428524817700
7317950350261046543
7317206621925412136
7316099718113692980
7314962682489163027
7314204462665436435
7313410064289713448
7313130202941508904
7312650835421318441
7312391540800785679
7311285559727623476
7310811100159724800
7308690487588736308
7307927720242056448
7307562794428189986
7306442601425571107
7306084095778426152
7305704236396973346
7305240382638476596
7304216034590936335
7301620344413031732
7301269431538158882
7299668142408617268
7299400235841850659
7299021347944992034
7298287468003020047
7295702100955172148
7294587847812582691
7294208583619644691
7292716158841572642
7291918696178584847
7290871530144222499
7290451069363080448
7289766928757886248
7287898442700033332
7287406469379542312
7287147796392676642
7286778557789949236
7286042821834886435
7285293880340139316
7284840148800507151
7284551834746801448
7283803199683841280
7283436618072067328
7281580360868121871
7281249264167030031
7280513931565714729
7279000376936910115
7278297582697254179
7277867863896018211
7277129430525381928
7276371607524855074
7275663945946402100
7275279748647898403
7274528465515220224
7273778298126191887
7273416402621517090
7273042876425178383
7272327667297438991
7270448412309343528
7269333581170822440
7268972303952760099
7267895947177381176
7267851199343349007
7267505212254866703
7267108288288869632
7266410341070916879
7265625349889838351
7264514568783793442
7263748128191335715
7263297764455353640
7262662012294024500
7260791425682443581
7260704628424051983
7260064629404060963
7259686993246817576
7259325194479750440
7258944106687171880
7258207689291959587
7257829665480510760
7257485565006728448
7257466797367037219
7257090968153771316
7256718405988879651
7255973763869576488
7255519286460960040
7253672056225664308
7253377262551076136
7252329822213442851
7251528580876848436
7251207421790604596
7249668005993385256
7249302624825003298
7248945835076078888
7248572391658458403
7247090053648780584
7245597148492893475
7245163629140610356
7244847541173505280
7244057023476747520
7243016505099668776
7242620809221524776
7241884605891071267
7240851862272970043
7240807664509390080
7240028542979837218
7238573560241982735
7238914539830512931
7238165883640646912
7237421231463533859
7237080908321393955
7236308374940339456
7234502965669809464
7233966002692803875
7233726306377010484
7233362474261564727
7232496502730411304
7231874066767039759
7231487678997335296
7230766891193601332
7230002001000631604
7229658397677718784
7227792092326628648
7227409638847827252
7227033666944306466
7226670686931094836
7224806689176849664
7224437179785727267
7224063279172308264
7223584864329649423
7223360253792963875
7222961024578686243
7222204406895234356
7221481123560361251
7221092361546370339
7220011910530469135
7219246887226936576
7218871037809691956
7217760009676000564
7217376397529025850
7217007629380488448
7216191835608206592
7215818638228557115
7215207087792524579
7214053771372973346
7213678624019451151
7213186513180314920
7212936726682045736
7211815793015688483
7210644164353084687
7209862993281125667
7208086931081563444
7206612618356821248
7206211349423099170
7205142620195048756
7204765503619976503
7203656293196877071
7202946538388180261
7202554937153260840
7202175038836018447
7201449420636900648
7200685585613229327
7199943570386701568
7199597326422281512
7199201378143620404
7198838511712079104
7198086431972085032
7197721254831344931
7197352586670886200
7196239002624707875
7195131211063332130
7194373437433957684
7194015444448382268
7193645441701989667
7192487339183164733
7190998960809528613
7190292971890216225
7189929390875200802
7187703511105146123
7187314389811268902
7185860090514164996
7185265195944660280
7183994327448734988
7183639299567471876
7183224030378577208
7182871073510296844
7182455147220454713
7182095429545282820
7181387035695992102
7181044589246106938
7179537347506097419
7179153546313469188
7178766811435945249
7178044400268774667
7177678115412446503
7177282095394360576
7176936411537394955
7176192961988840708
7175821538761985283
7175065730667285771
7174338216189807904
7173593958327520523
7173241037744344352
7172831016908885259
7172493193156611340
7172075833702567172
7171367943031377184
7170625339280985356
7169882761363213579
7169523354297257220
7169146878179708163
7168363047571066142
7167650436390964492
7167286634759589159
7165801689344183591
7164702780823850243
7164294285171510561
7163947311851162891
7162462552654417191
7162093044106398990
7161729212720614668
7161361753996053764
7159416462162152712
7159496862553115907
7158856808856112414
7157631401234402571
7157266540931370279
7156508689120169253
7156162079399939366
7155411447370059019
7153560403946032387
7153190718650076420
7152445273829068044
7152073012538281254
7151327854523976999
7150869765521739023
7150132232450051360
7149844318579068192
7149069471406116108
7147614792587529505
7146505837249449219
7145774657885588769
7145315655602998558
7144951430078598413
7143917533031173388
7143542447468006695
7142715955938856229
7142798589020998951
7142065294389923080
7141598196245056780
7141322536779877664
7140960484907339012
7140196857732451595
7139088714449407244
7138361829696310558
7137237113673747715
7136906944656215307
7135372593267264800
7135022295361391875
7133510475286924577
7132381883152862477
7132034040458186016
7131353129144077581
7131322779751763238
7130497308696857886
7130078601659043108
7128710758396972292
7127582976854068484
7126468618879044903
7126104611479473415
7125434666944892163
7124245195192798467
7123498481381018891
7122758036417957123
7122388423310167334
7122021421227740449
7121656090391022862
7119422337144884518
7119046700433493281
7118278089724923166
7118027463615171848
7117941480357973252
7116818294107016459
7116498067804736800
7116066093864733959
7115707017771158795
7115005916763704579
7113481996214570279
7112740894423436577
7112366958380649767
7111258013016558887
7110045775031192862
7109714694524521742
7108927170650705164
7108337533959916839
7107172105245986060
7106803501359041803
7106471211378445600
7104190549695008012
7103467285305756939
7102715321764678915
7101227560675183884
7100491475548491041
7100119756333763851
7099680077486787851
7099294906446859559
7097518512721136934
7095667624587136267
7095299541422869772
7094928361541160224
7094555640328162572
7094203084628348192
7093004700701707528
7093064033003195651
7092324281937382667
7091876523111615748
7091508294778457355
7090842979023195425
7090471752521780492
7089361579334012199
7088989663553260804
7087840530092018975
7087501587337268483
7086434222755368223
7086080258805386504
7085655447918660897
7084533826952711428
7083053073916054823
7082679879065455875
7080473399255911694
7080452658615831847
7078965904381332740
7078232529827826948
7077489756501708071
7076659847860702467
7076369505798163716
7076005571840822540
7075627605248036099
7075293354338077984
7074426672828747045
7074144068392979745
7073768443207503107
7073400824445111584
7073038520239082790
7072659580647427339
7071917070950157571
7071173412219096331
7070064270939081987
7069671279804140812
7068578926334872864
7068207635534826756
7067463440834579724
7067152064673107237
7065980195206860065
7065608170370059558
7064880863254826243
7064797619687558403
7064516723260591396
7064146196515900683
7062630819306802469
7061528488490159398
7060854909742107916
7059670971657080096
7058926160352267552
7058557817078304012
7057411463148784904
7057457015513304353
7057080145005251871
7056338029597773089
7055590243189181708
7055219728406547751
7054853157494557985
7054139619490811149
7052949729897942304
7052252490124856615
7051893513474116876
7051115177785314598
7050398781354839329
7050033335090810151
7049602162552278308
7048542122714090785
7047793202169990438
7047436630977826052
7046685046626848033
7046304178494246183
7045567429426122016
7045191633926720800
7044376469501512996
7044456408393321760
7043969737897905446
7043619453690514699
7043341862400183591
7042248560884059406
7040380010682649859
7039597801931541799
7039271725711871235
7038892604360002828
7037709403528776993
7037267577994759454
7036975695385431304
7036666229754547494
7036296253646376230
7035924204423843110
7035162759188778252
7034808432913927428
7034078731945659687
7033694333069004043
7032943788020518182
7032214682874170656
7031844316389674251
7031390146369015051
7030725480223444263
7029996535152708875
7029906265472109828
7029612298461269251
7029243571400166667
7028505160179551526
7027758979182791947
7027390545630678310
7027019778862730528
7026649385794538790
7025905353145519371
7025160642751384870
7024418018490961185
7023975737736613127
7023600059338083592
7022843557002169637
7022848921772772641
7022577680226716965
7022199387161939238
7021449033973648651
7021082333851831582
7020289207058877704
7019594715569966375
7018808121074257166
7018490377669725451
7017718724144745764
7017371637347667204
7017064369649437965
7016252823289482529
7015511911160679684
7013649036251122948
7012120119455386910
7012552110059359492
7012175797234486539
7011552424846494989
7011349122053606660
7010664646826937607
7008479813195402526
7008843180133141771
7008470258004610308
7008101639722781991
7007719224160374055
7006615489283722499
7006242291522276612
7005124852306808067
7004681694905257227
7004427073825656067
7004297622156528899
7003939055452867878
7003267910529600780
7002526103738830113
6999831673852448012
7001782525605547302
7001410592120507680
7001026037085785358
6999557556452592907
6998455762045521182
6998443163169901856
6998074825767947559
6997706615180840195
6997344416524537099
6997244172172332321
6996961222398708995
6995812976561310984
6996161666224262432
6995116326817762598
6993990961445571852
6993622528388304167
6993203008368659715
6992846045373926659
6992505483215097127
6992142761524858151
6991456471183674627
6991393116410498308
6990292440380869927
6989088893349924104
6989555427897838859
6988848881693953284
6988834200958930208
6988794151064177952
6988426550362295585
6988102561328844070
6987584829457960231
6986577508367863052
6986197253400628512
6986111370399894795
6985802189537037571
6985740363306781990
6985393285317627166
6985087796604046630
6984727279905574183
6984371358050422054
6984279323003849988
6983971003630226727
6982808941163990280
6982858612548865312
6981694128451079431
6981640156906327307
6981364468970245409
6981010381753961731
6980259050860629287
6978783077304732931
6978401560682351884
6978033137305570571
6976893342122626308
6977290310212767008
6976433118446243076
6976180373621345568
6975060233466957069
6975434033144564996
6974693087390043403
6974322468039232801
6973110375159958816
6972469499152862502
6971723866406178080
6971037153287507212
6970608765469084966
6970304138521447719
6969873134111509799
6969125952228035852
6968767117248204044
6968392514818641164
6968012647274958113
6967640377293655335
6967270904652975399
6966824339937283331
6966157941242072359
6965419048624573729
6964663052054613287
6964304929058032908
6963931778960608524
6963191211779771680
6962732263280872715
6961703758631931139
6960962883526085899
6960599057811164420
6960222124501896481
6959489009198370059
6959106447107984651
6958361009572597031
6957999407560133927
6956921579699703073
6957254385810410755
6956144614390648068
6955771049678048544
6955402973040135427
6955031262499327244
6954295782015012135
6953914957276679436
6953172843219750176
6952830452969377036
6952428825733106977
6951689577627127043
6951324695996288260
6950576403326700838
6950221416566377760
6949833617514319115
6949459881741028611
6949116142975814916
6949091325446802721
6948714343487786244
6948350124758191393
6947970036313165068
6947260877083118859
6945796765501246752
6944294239278779660
6942790322028236036
6940186557756230924
6939804551444696331
6939123248726641959
6936123331015970080
6932040580327394572
6931648744609860875
6929443847055478028
6928682911470292235
6927847647625612555
6925708121620909324
6925326432260410628
6925047179400842508
6924605241732222219
6923866131467881731
6923138969253285124
6922772443517947139
6922385723945405707
6921990725752130827
6921651771215482116
6917966193567616259
6917229061777542404
6854866937911069967
6852631329398410496
6801372844082154752
6800626731096067343
6795809537531104527
6795055726512327936
6789480360842513664
6749068338330111246
6739411578510232845
6692570715184516364
6669268996308716807
6663033412783623432
6655245386245999875
6632215106170129672
6599159578175212804
6597706097572711683
6594649414915067140
6589150219546397960
6587321826630700291
6586586263485156612