7336956740510043433
7330259659862920502
7327946753603407144
7324610415520943371
7306399987091475766
7301583790139264267
7294968227615001892
7292418672298183972
7288649369765612812
7285329904374140199
7274216809526611239
7268908493220957481
7262430591306485003
7255270665870183741
7252684355137588484
7251137365157088515
7244508551656279353
7242250324415728908
7236702593819348261
7234512673310788924
7228559311847443768
7223339628521065739
7207712769997688121
7197798835425398071
7193633647084277048
7189518085349461285
7186238042338856249
7158748693015825694
7158026233404558600
7154298834120674596
7132799274252864809
7132081786225446178
7128368090596920610
7119109921886489869
7112732426375351587
7107148084827688226
7096736096201067811
7094169196262739240
7093863429609426216
7077523703344434466
7075000120055581992
7073775429605182758
7073113518400228642
7067496160541330723
7066324040335592738
7063678463361797417
7063489397857029416
7061918463899618560
7054853979083246863
7053816096788434216
7048173538355842319
7048148578669235471
7041839272877444367
7041052962952711439
7034855657387871503
7034029768555220239
7030647645525871907
7029624788385664291
7026642450768842025
7022579663792901376
7018103095766945058
7017769322814754082
7016622559538023721
7012911089830694179
7005843319473310983
7002929397716012296
7001373224277789959
7001056286095822111
7001054499594964237
6993962818957528327
6989875398959992078
6974719457654574343
6964719827613224222
6963012071843810591
6960630579284987150
6959833080580410632
6945808408880614664
6944666606366641415
6942495303840828686
6941981652046368014
6602852260680568078