7188082743618653474
7155048689298378025
7184289984675941684
7348819497676967183
7346891670648081716
7345782288728231220
7344670086050942243
7343195308274240768
7341713392593341748
7338741487544372532
7338005349007363343
7336508203737419048
7335761793513426228
7334661970353835264
7333536625575677218
7332060791761276194
7331698935540534543
7328360965345529140
7327603095700081954
7326118604020190479
7325008725901626624
7322036883469421839
7321297768637631759
7320549249140215092
7319814994672028943
7318701517949701411
7317954427103513890
7316443440823192832
7316097301146012963
7314970900879756584
7313488515524840704
7312738034531847476
7311619406310755584
7308667808211111183
7306449924667886848
7303463263356882211
7300500189452815668
7299014325170097408
7297164436517834036
7295299313448668450
7294587845350558976
7293821693703802152
7293095873163087139
7282686786105609472
7273415682505624832
7259696333303336192
7257865622095219968
7254131650181876992
7247083233173638434
7241143764549438735
7238539021771607331
7237430826642853160
7232975868384120098
7231866522526862592
7227830241056673076
7226672622812089635
7224447146165079311
7223700006014881058
7220735477329055016
7217389374323936512
7215544118527724815
7211079090206428456
7209233349733403939
7207385637425646883
7206627746133314851
7205884476306623779
7204414413032459572
7202938429817015592
7200727142622039348
7200328653446696244
7198488765399158051
7197349918200155392
7195865609429699880
7192542887849102632
7191069929653783848
7190318234204228904
7188831187719261475
7185854324793298216
7183250459904249122
7181056068422765839
7180670696857668898
7179171230317071651
7177700173936725288
7176574297551441187
7174715537136569634
7173236115900615971
7172124736212831528
7171023179564027136
7169896564742294824
7169149475234041103
7165103608772463907
7163603179613998370
7162497932560846121
7161372739033419048
7160246212535258368
7159149435866418473
7157645623158639907
7155791204905471273
7153214590342401280
7152103905709575458
7150975912467615010
7149863802513689856
7146520213717011712
7145040356474768675
7144300882509843753
7143202561779174697
7141715752066813199
7140965629359607080
7136146209831439650
7131683141097393448
7130958198562966799
7127973031510560034
7123904597177027874
7122407491010317609
7119098198769143040
7118718368370265384
7109469371201883407
7109035921978314024
7094873105293741353
7093452962751679784
7093071235118140672
6526721531869924611