7280460809053015354
7349126003391827210
7348368401854647578
7346902589969141018
7343195456127765811
7341605982386146597
7338389680116796699
7337658241305808179
7335380175879802139
7335033167734115593
7333539625513929993
7332794054561877275
7329457303793536283
7327599365273554226
7326781550362758409
7322400218421513523
7320187688886324506
7319807611405077787
7319061434430721331
7318310579603524891
7314225878769110298
7313855568999894309
7311635829183597875
7311263322886704411
7310905578761620746
7309774518698970418
7308288165171776806
7305324043983441189
7304954830529858826
7304624267864427826
7300507434429238578
7298642521553456434
7297517275999948083
7296054166630174002
7294933210797002034
7292709612913052978
7290857790262873399
7289378062926499133
7288645513065336121
7286765596627324218
7282687411279138109
7279787261254847803
7278993414207589672
7277862077635513660
7276749171288329529
7276381206944550199
7275273268209192250
7274902796174986557
7274151666771889466
7271924511254072613
7270816587995778361
7267857340559559996
7265271201692388645
7264881342771514685
7263019876409822521
7262655927411608887
7259689515466362149
7254160814049938744
7253001354396929341
7252272904405159228
7247063181942607161
7246319547647560997
7245206521842339131
7242980261317692732
7242238599658327353
7240014537057979685
7236306691610922299
7235595670072216847
7234452895104552192
7234081119816191267
7231482425224842496
7230737175892036904
7230363884002004276
7228160041344371968
7226288648717683968
7224099013405052195
7222205400014228751
7220359542037663010
7219235075349597480
7218908161460161826
7217379113533705487
7217010093018139939
7216641759265295668
7214035832418651444
7213667406349094144
7213300608164433186
7212558163277597987
7209211463704038691
7207747087289617679
7204023691095723279
7203274501910564111
7202903504216755491
7202542613398883584
7201790706300620047
7201435067753696552
7201050778595822882
7199954075834731828
7199574568938360064
7197712829649095936
7196965348183199028
7196600479575510306
7196224107288055074
7195852508730756367
7195110195431836968
7194740098863287567
7193274489663196456
7192884626237541684
7192526937615519016
7191029006873939200
7189917876369853730
7189545168800845091
7186624443345538339
7185833147915914548
7185461805450382592
7182493407414111488
7182123048781237539
7181752701779332392
7175475776345607458
7172508378139315496
7172109684348816680
7168379739629980962
7168107119210679567
7167675889117891840
7166168615471828259
7164691689653751081
7163571106274741539
7160633111976365312
7158007644966440233
7157259590105648424
7156168472953703720
7155409357121817897
7151325897671445760
7147616986695044386
7143903458477886754
7142806921240726784
7141305285804641571
7139490409088060685
7135042048452824328
7130226526452256014
7128330571054419213
7126855801653710110
7125748458383772964
7110131839414619422
7097809018210536718
7094465296815230208
7091208765998959906
7056685430619606307