7310176590468631871
7237444844703059240
7210726794079636792
7349528638456335631
7348786595429911848
7347669082772098344
7345447094469152035
7344705714364992768
7343964555162258703
7343574737458613504
7342841451765697827
7342109921682541864
7341363611324910848
7340992624142109986
7340250831029112079
7339513792524487936
7338770066139254050
7337652173569871139
7337288962882456867
7335797927274712335
7333938744619289896
7333567685688659235
7332086331545292084
7331715275752017186
7331346106246352128
7330604070773820691
7329489443159608628
7328978700974722319
7328004376381984040
7327633409654721832
7327262808377199872
7326892966688099599
7325780240398126336
7324971794711022882
7324664926750903592
7323180482387053864
7322441320860044556
7321698706456055040
7320954056900431144
7320583187350998287
7319842331706887439
7318725636858645794
7317986133692927284
7316872682849586432
7316144726271331636
7313888913439935778
7313151711407869236
7311673972796427572
7311310328954948898
7308332524390976783
7306838087072517410
7306092417147522338
7303871833139367208
7303497255535775016
7303132297589542184
7302020187715292456
7301566090457533696
7300900081593634082
7299790410841378088
7299420323483503907
7298675881562688768
7298302614175812879
7297563153527786767
7297207771349552420
7285316275167956259
7282671518990011689
7281603950200032546
7281234370348731688
7280432143027670313
7279750173830548788
7279005937619242255
7275670391425731875
7274928689555508495
7274256689862348067
7274183365144644898
7273457882232818984
7272699207272713487
7272326918052039988
7271584019551112448
7271213865164229940
7268245378170899746
7267874103711812864
7265646876123254016
7264534003288509736
7263420249985305856
7261566358511455488
7260454361367645440
7258226193437035776
7257482974990437666
7255257008255913216
7254883903457037602
7250059963974831394
7249692051535580450
7245979319384689955
7241526291818646836
7238186646246673699
7237835973130767631
7236701587698224399
7235960494425738536
7231511638174731577
7230393837909249337
7229653147294108988
7225571966491610429
7223343402987851063
7221858878076603685
7215922162081795385
7212585275619298615
7211845678400654648
7209255379845270821
7207745475502460219
7206273258184838461
7203306421184630072
7196997007318224189
7191429973612203324
7188840252281228601
7182168570678218042
7173619105633799460
7171769534662200606
7169164537101405471
7163600267319971103
7162486152522517768
7161371970867645710
7151740432773352711
7149871752364035359
7136511450859818247
7134660654740376868
7133496208605072647
7126120079779056904
7120181522346298638
7117585194424519967
7115730511548501261
7114623983391214879
7113131928311811368
7110533416835108126
7109794099129109773
7107567272696368420
7106822564240018701
7105709937963060487
7104596418626669861
7097175769117445406
7095688950127283464
7091237284036529438
7082702385079979301
7081218927015120135
7079733220538879262
7078991167966170381
7077507423141104926
7074167344196586782
7065633050964577573
7064519441597385997
7055616269072010526
7034832996616178952
7032236471750757662
7031531361676561700
7031121156077915399
7029268613798300965
7025184336089582861
7013309187837005087
7009598110317956359
7002918766426246437
6999207846713789726
6995125917295152421
6986219907339947300
6979540761238932743
6976200901258153247
6970633868772691237
6970278283946528030
6958017503842897183
6954306440408435976
6953193591946644743
6947255816508427551
6944286567242501413
6939462343327796487
6936494110706617630
6921635256416177422
6895288977788538126
6892691302534728968
6890094501734419720
6884899197682863373
6883413229679185160
6880814664163364110
6878592232891501831