7346819356757675318
7274044179611782412
7259241701129129279
7349436388825206027
7349056150517697828
7348789720656203047
7348304225585188108
7347924781292981516
7347561550506511679
7347191468467014924
7346448102741577023
7346084696620617014
7345691837362998582
7345300097590201663
7344964760468753683
7344586293646527756
7344242319077510441
7343941670729157900
7343526440140344595
7343199677011021097
7342788899128839465
7342429507208498471
7342037542293802276
7341621718563179817
7341255809269075212
7340893330512809255
7340498964665437494
7340192027377667382
7339923046343494948
7339774505444822335
7339416406896790803
7339048747038543167
7338735830237744447
7338374183644122422
7337920742522146059
7337565233776430372
7337186916565126439
7336822281810890038
7336420425494170899
7335777423243382052
7334964892274904339
7334650174171565353
7334298734714490123
7333829724503854348
7333084560797879593
7332801102678592779
7332405971798494503
7332072040851180839
7331630486332165417
7331211977655651596
7330851294590029092
7330483008459361590
7330118080716147980
7329748866822180137
7329422375580077331
7328995818118155559
7328625534332701988
7328253190925815079
7327858091368680740
7327524767819500819
7326429726745185572
7326058869111672127
7325743670534212927
7325286597937597707
7324937335404039435
7323822697815821587
7323449072923331879
7323076336132623635
7322663182319897897
7322305654243216681
7321938950896110867
7321562500590325004
7321185320412761407
7320802001527246099
7320183952940010771
7313014849032768822
7303151978341862667
7302226773452819724
7301485970975690023
7292603100366490899
7287794504625556799
7287038649659657508
7275929520916417855
7273286246267374859
7272582416773008703
7264093988230057255
7257151739890093323
7227784427462511883