7317253857942261026
7315029145958780200
7339447995102022964
7338771201789070632
7338356332954668328
7336929331010080040
7336443714375535872
7333119712504712448
7331751936489688335
7331336529870163235
7330247998271687936
7317520124909538560
7316895920396799266
7315445655764323619
7314927862245608744
7314575729495149839
7308726756570139919
7307617463405923618
7307453107712118031
7306896249368726847
7306508471413902592
7305000355534818600
7302773691597786383
7302442088203865384
7299827448684760372
7291301881790401807
7288326135669132596
7287173132845108515
7286444456058916111
7286035385413668130
7285690792105004340
7285333570690780416