7251881691919158539
6806605468526480644
7349543184193735948
7349159367570148649
7348722989225020684
7347673019017399606
7346920592215510308
7346185818408504615
7345814499838020898
7344699793194716452
7344290917764975891
7343878143586946358
7343148554401221899
7342882697083243817
7342011133303311655
7335426773238222121
7335045702701108492
7333212694146780455
7333051606453357878
7331347808684936459
7330991649247612196
7330245211009895716
7327971074963000612
7327633681403612427
7327546507740171556
7327190935241067815
7326887292843429131
7326453900272340243
7326079769081023756
7325284368736406799
7324674113954385171
7323581746149068068
7323112293733043495
7322073627795426623
7321217734296030505
7320869547228138764
7320464184037133604
7320178151764643111
7319786217485241611
7318767338743008523
7317992103479463207
7317269053196733759
7316520976924167463
7316048549085449491
7315718793282538791
7312666096895561014
7311619557301570827
7311319703849340196
7310563632742518079
7310201740710776100
7309739825052011812
7309480461829492022
7309397664267865380
7308738969980669225
7308351654594612516
7307602681353260342
7306872659546082596
7306414503401475367
7305612168081231145
7303878755838070079
7303068208330755391
7302762493485550911
7302420225322929427
7302057757924953363
7301654640158838027
7301259628321475879
7300562136135240971
7300114900037225747
7299783448766483775
7299431039515102500
7299085880956816694
7297955693905136935
7297597209330142518
7296409099162471691
7295635655520996671
7294897874138156342
7294630981267361064
7294108915451677988
7293755417144970508
7293124041748106559
7292674755625340172
7291599158991949091
7291239322693405988
7290926802732731660
7290177560376347916
7290034777669897483
7288299881532329279
7287186026819276095
7286739888035122471
7286374333436398859
7285990565152312615
7285636514158071079
7284515343232519465
7282747689165425956
7282031203950120203
7279334544006712588
7278241767680412967
7275559425031687476
7274854906442353955
7274146272171314486
7273752599382265124
7273072684274175273
7272635763861228836
7271947892292652324
7271551190150696203
7271242626672758070
7269651595250371881
7268256605097954579
7267802122983345471
7267485548086938943
7266773809938697508
7266662667740400932
7266030903833464105
7265676677294968127
7265305716032933161
7264550689697762596
7263091325107571979
7262705750697463055
7261950972333673739
7261857792347180340
7261198981772872979
7260846454430879030
7260376330875817256
7259999135976181032
7258599228413365504
7255578289547398441
7254186071112617216
7253414987752885538
7251965929033075968
7251574779377896737
7248932098222935330
7248922591690280232
7247105053268446476
7245945147333053734
7244908502538407202
7244133978670632226
7243789781023411496
7243658465636257058
7243037539764915508
7239293473512328483
7238547253894417699
7238129387005168931
7237442880413945120
7235218515462999307
7232512204338171174
7230553404341325059
7228508585506934049
7228077703214140675
7227056462495829280
7226667043414609155
7225967055005109537
7225465279029988641
7224324589688524044
7218794734167313697
7218376630706769156
7209980001419152672
7209229241366416673
7208778917509975334
7207791428070690080
7203958632667417894
7202948480984239399
7201387868193901836
7201098715933838595
7200574772055526667
7198127130675318016
7197695107515092257
7196632808599686412
7187860583927074052
7175108897454214433
7174713099289660683
7118551076688678148
7110558788188458243
7037050543159676198
7024786661334682880
7006543057952804136
6999114364519238947
6996909438045097250
6992062830820248847
6981031514603572480
6922027753332067584
6921262033706962191
6918615502961085704
6916111696264285440
6914601401553276175
6913127477179108608
6912349394398514445
6910903852317412623
6906065763526905101
6878903971801599239
6867500085605846285
6857058922931440910
6853740976196898056
6852645836271209736
6803288290201029900