7349476119550151990
7348393417325514025
7346892356530031926
7346133726016916777
7345862823660096807
7343936558686391588
7343186271373692214
7342435829345848615
7341318047140990262
7340944293365894409
7339092503880142121
7338341432601660708
7337599580327972135
7336115605990296844
7335376343539944715
7334650780110064907
7333903388884716811
7333154002571447606
7332407996716272907
7331672476100988171
7330935575068855571
7330179818270526756
7329443094460484918
7328330620915010853
7326848262973967625
7326100125229583628
7325716468845399331
7325361764953083148
7323875568095595788
7323132993168493836
7322402802263690515
7321650953994652940
7320917176104373523
7320166929942007079
7319433293198331199
7318678198953217334
7317934817612533011
7316454018010729782
7316088815813266729
7314968339380489484
7313859319135472935
7313115014162877759
7312369448441154855
7309403929605918015
7308286595398995219
7307543275076930857
7306823217275063591
7306059458482851126
7305320997853383972
7304580649258683687
7303835783440518411
7303093118474259751
7302357328349662500
7301606802414783807
7300876152644586791
7299759095207251254
7299012681724464423
7297927445389348159
7296416769256754451
7296044805061184780
7294192500623871273
7293466571605839123
7291223412821757196
7290476193353043211
7289735152002010422
7288996862332390675
7288249720684809491
7287147921261219108
7286415547133136191
7285673458086776075
7284915240804896039
7284166175984995596
7281944709021306124
7281197328130706742
7280463236640607500
7279757869065522443
7278993234448141587
7277885535933173028
7277123754524757284
7276387745713376572
7275645816532946234
7274894817698565387
7274200345096637759
7273427453203238163
7272707663144832295
7271568773742693651
7270810655194631443
7270073703034080575
7267839459859631396
7266370886607932711
7265578668326473023
7263752090642599187
7263044137518206271
7261907460083010857
7260794358130134311
7260046529749175593
7259304413389393164
7258931670382808374
7258221522827971859
7256710160725380364
7255972431326727443
7255231037284928822
7254491647487003915
7253372790198357252
7252628815858371878
7252254390885616935
7250782074569821443
7249654442671295776
7248930849930890529
7248170339686042919
7247455341326257441
7246697541931142404
7245948896587877665
7245217492698795303
7244465133945163047
7241866387214372107
7239269270633467140
7237797367976709415
7236309776127233319
7235559621543365928
7234817261763153186
7233341535167761698
7231495705351818511
7230746038858943744
7229260283108199732
7228514596007595298
7227765302694612259
7227023152310734114
7226280678470470964
7225545876079496488
7224804892265745704
7224061286852676898
7223324505781882152
7222204089277369652
7221462270017047840
7220344632872308001
7219604769432784132
7218871815198870796
7216639146037677315
7215151952479505703
7214407351330278688
7213681510006803716
7212934916391079200
7212205105242754307
7211437911630171395
7210705005798591777
7209211033892818209
7206989923159706919
7206242268368440587
7204776026990202124
7204020230199282977
7203274295961799947
7202558978612677899
7155825343234919688
7122638454659304716
7078495515037469983