7138639544366222625
7326132759666134324
7316523428469574952
7310527175906708771
7304217295285456143
7300885333808319779
7295685519235616035
7294541246163455266
7281940904405945600
7274071190921153792
7260075683177581839
7253392676224093455
7249676783455374626
7248959371147824419
7248568885077740834
7240792195760934159
7236689530038930688
7232236567689956619
7230744369895132449
7228468509485944102
7227027650580057382
7224439669403077891
7221462231039479078
7218855018143681803
7215062774639054092
7212949538796047655
7209136822969044256
7208040740872588576
7201714182415256843
7201348546606468355
7200367833233067276
7195857276173880587
7191338108997192971
7187673866980953347
7185470783387372804
7180638908126907681
7176580754787355937
7174996284959509772
7170684729463803140
7167704008763657511
7166513434731875622
7163173620972277030
7158729001912028420
7156905236857195814
7153938925789121796
7150251946165734694
7149140785227631911
7143522874794511655
7141345114814680359
7140236856100146443
7139060998136188171
7136156699374669089
7134625676375723297
7132778569104772390
7130922294607662368
7130171564577918247
7129081052307426563
7128751943995886881
7127226459256524065
7126898813964438788
7125795040030477607
7123921206943796519
7120817627466976542
7117491862943845664
7113464367500299524
7110929850084478222
7105288930928512259
7104975007012375847
7102728939151346983
7099720735488363806
7097509256777256231
7097177165157960964
7093000768415862055
7081963353689558304
7078947961421499651
7076744000501320992
7076420414364208388
7075621938885840139
7074062148388932902
7072697923234057476
7071602954939256075
7070084113046195494
7067856699658374432
7067483163328662787
7065220190463724839
7060778947071560971
7059986643687591201
7024463360284495143
7009579345417112871
7006620898396572967
7002956345674681639
7002178496499961092
7001111222225472806
6996116873616035109
6987742868437880098
6982408921424121091
6979758615947250957
6970615876185885985
6966568358749785348
6952853088822775044
6952085283898789159
6946488404704021772
6945745039754661158
6931949394312957195
6931633778049699084
6927943119702936835
6921977504538316044
6907561362965220616
6881108710769446157
6880789985121881351
6861604457080212750
6858079272695762190
6855242953699478797
6855058872101653773
6854498759477382407
6840361200203664647
6840011111614418189
6830686854333910284