7176064487663914301
7272325193282981160
7196579043813231909
7349503871938596130
7349489904751021312
7349437159054560546
7349132523819076879
7349130178259438882
7348742928224832768
7348716974815464756
7348387922749426944
7348023551305321728
7347992337898933538
7347652476968930595
7347650238183640335
7347618793595604276
7347258198778187043
7346431645722938659
7346421337876942132
7346364112319860003
7345423559528828160
7340855633631137039
7340051411260001571
7338577650451074356
7337150333203795235
7337143522304281856
7336082022089133327
7335660022136950016
7335606793948777762
7334266208348392738
7330834540140760320
7328165059937488168
7321480084693536034
7319640197853875491
7308501627781139752
7307915148759551284
7297455066879937827
7296624943364721954
7294469358787530036
7293288130625490191
7291819299767930147
7287563613869509888
7286427512551247104
7285932578387873058
7283017099163733300
7281461333571210531
7257113643739876660
7253662210768129314
7245559668670500131
7244663199340039476
7198650436985818428
7192155333110926649
7191760191220632893
7188419170223082813
7183240745531280677
7180617568330206521
7168987023032782093
7165055085221809415
7162794608462679332
7143065905671474468
7140029149556657415
7132811971145059597
7132025476037594398
7132012321680952589
7126334461947514142
7125382352657829127
7124276456892534029
7119763957572766983
7119354649378819359
7116821722635980062
7115306599173934343
7106361637816290567
7105669966845775111
7103651121419406606
7100726252574641439