7290507493396991293
7294392814505348364
7349435159537634597
7347316812943559963
7345472109847563571
7328774276213918986
7306416686423493898
7304879852841225523
7295371653364632882
7293751817589050662
7287930569579646267
7286432294892539194
7284601544371113274
7282751071523507516
7276855925317651770
7275657614543965498
7274049143545285944
7273330308752182584
7268631389824748837
7266795554024344887
7266421961713044773
7264946382929251645
7260815573829848357
7260452694962261307
7259717929489550652
7255479287137062205
7254731541585169719
7254006984083574071
7251774790686608700
7246222944618237244
7245928145591782714
7245865752341876027
7242669240044637497
7238189027046870309
7237073748719914296
7236609369633312060
7231545376581438731
7198485425995009284
7192091281718250764