7349171805954805004
7347502473554300196
7345646979566931211
7345386769854057764
7344560148863536420
7344343574672084236
7344191124749176076
7343799278181109028
7343592678396923172
7343440594296917302
7342755090748476735
7342425161855012108
7342301645507726603
7342118109043526948
7341767249008528681
7340679030196260107
7339920852907019561
7338969407386864907
7338722696974454052
7337494000078818579
7337283354879921462
7336852409462951207
7336741025521601828
7335928311777856787
7335213982187310355
7334730058470378788
7333046768965389609
7332703657026211108
7329892912634907967
7328917005044600103
7328465397903068428
7328290505769356580
7327809001977105703
7327296678698994980
7327163069224783143
7326938668143267091
7326533373478882579
7326403457970228499
7325390975780588836
7325062517162626315
7324559091479612683
7324140903658949942
7321590189833440524
7321278223118060839
7320043693765905703
7317792435206114599
7316889056330239244
7315725897502313769
7314909120899861823
7314533453859409193
7298503008155897115
7291840445871688997
7289296564516851004
7285979670510603576
7285707871822581049
7285374805086457143
7285034050878704953
7284596570366938425
7284132950902345020
7282692419009727799
7282436808623803685
7278651832392518972
7275674547032952123
7275482921748729125
7274840242878762295
7274221344911379769
7258889069554421048
7258539871520804152
7256745362029923642
7256009501231303973
7251936901463084348
7251096455186828603
7247083338576465213
7246727057814687013
7245968416937495869
7245508306616241466
7242679395956133179
7242109399207120187
7241424328447888697
7240785873430727997
7240097592971922747
7238111713210453304
7237737581629214013
7237140997237493048
7233643601270476070
7227430994062609667
7225112165462625568
7221021981242658081
7220757460213058849
7204824509017328907
7170543652962307340
7169469334530575619
7139167456014142731
7136895084481514791
7136504238015794444
7133567657055489283
7126133884659551521
7105333071083343107
7104623692830739724
7104507424991743244
7093079330615561483
7092711864282484006
7089375696643984678
7088913019048103201
7088280058602835232
7077042079955733772
7076758067471191300